Packet Number,Element 11, Element 12, Element 13, Element 21, Element 22, Element 23, Element 31, Element 32, Element 33
4,0.9978986,0.006260149,-0.0644924,-0.008744127,0.9992278,-0.03830585,0.06420281,0.03878928,0.9971827
7,0.9972752,0.02728805,-0.06853873,-0.03015575,0.9986973,-0.04116032,0.06732626,0.043115,0.996799
10,0.9964707,0.0513181,-0.06642905,-0.05307305,0.9982795,-0.02492777,0.06503551,0.02836538,0.9974798
13,0.9949042,0.06308855,-0.07864894,-0.06707378,0.9965392,-0.04910146,0.075279,0.05412653,0.9956925
16,0.9944601,0.08675948,-0.05934527,-0.08779769,0.9960237,-0.0151118,0.0577982,0.02023846,0.9981231
19,0.9916068,0.09755127,-0.08484985,-0.1014381,0.9939224,-0.04276145,0.08016273,0.05100955,0.9954756
22,0.9916568,0.1136303,-0.0608682,-0.1154805,0.9929211,-0.02778283,0.05728035,0.03458012,0.997759
25,0.9899575,0.125356,-0.06534375,-0.1278626,0.9911495,-0.03568883,0.06029161,0.04368545,0.9972243
28,0.9877438,0.1449331,-0.05793656,-0.146973,0.9886023,-0.03262839,0.05254728,0.04074359,0.997787
31,0.9840043,0.1627981,-0.07233349,-0.1659974,0.9852886,-0.04063232,0.06465451,0.05198956,0.9965524
34,0.9827633,0.172717,-0.06592103,-0.1766638,0.982464,-0.05962279,0.05446715,0.07024094,0.9960421
37,0.9813288,0.1887187,-0.03713243,-0.1905687,0.9801336,-0.05496724,0.0260214,0.06101722,0.9977973
40,0.9785032,0.1993796,-0.05271778,-0.2017661,0.9784167,-0.04462176,0.04268328,0.05429919,0.9976119
43,0.9763076,0.2110596,-0.04771781,-0.2134762,0.9755111,-0.05296778,0.03536991,0.06189947,0.9974553
46,0.973835,0.2235583,-0.04083034,-0.2256554,0.9725282,-0.05717167,0.02692746,0.06488936,0.9975291
49,0.969647,0.2385588,-0.05361342,-0.2417202,0.9682826,-0.06324709,0.03682479,0.0742868,0.9965568
52,0.9660519,0.2534042,-0.05029712,-0.2565851,0.9638048,-0.07241771,0.03012566,0.08286477,0.9961053
55,0.9627289,0.2648266,-0.05495307,-0.2678374,0.9617486,-0.05746945,0.0376316,0.07004599,0.9968337
58,0.9606655,0.27434,-0.04311917,-0.276707,0.9587654,-0.06482425,0.02355728,0.0742058,0.9969647
61,0.9577922,0.2851041,-0.03673892,-0.2870155,0.9555805,-0.06699258,0.01600713,0.07470961,0.9970768
64,0.9535745,0.2979383,-0.04391763,-0.3004031,0.9513336,-0.06872142,0.02130557,0.07872398,0.9966689
67,0.9502441,0.3031215,-0.0717862,-0.3079994,0.9487391,-0.07092351,0.04660794,0.08950477,0.9948951
70,0.949987,0.3085876,-0.04794084,-0.311359,0.9477705,-0.06918541,0.02408715,0.08065206,0.9964512
73,0.9472377,0.3162222,-0.05238808,-0.3193056,0.9452093,-0.06799611,0.02801582,0.08113628,0.9963093
76,0.9444956,0.3243937,-0.05193095,-0.3269576,0.9435923,-0.05227328,0.03204452,0.0663511,0.9972817
79,0.9437131,0.3260276,-0.05578188,-0.328905,0.9428256,-0.05386649,0.03503062,0.06918145,0.9969889
82,0.942785,0.3304211,-0.04447895,-0.3321888,0.942327,-0.04087021,0.02840934,0.05330723,0.998174
85,0.9413246,0.3308476,-0.06669176,-0.3342937,0.9411741,-0.04938651,0.04642915,0.06878337,0.9965506
88,0.9404408,0.3335533,-0.06567442,-0.3372471,0.939714,-0.05658529,0.04284096,0.07536363,0.9962353
91,0.9389874,0.3354548,-0.07597867,-0.3402779,0.9382092,-0.06304343,0.05013567,0.08505085,0.9951144
94,0.9383367,0.3400994,-0.06210373,-0.3441571,0.9359702,-0.07426859,0.03286853,0.09106238,0.9953027
97,0.9359592,0.3473381,-0.05776389,-0.3505949,0.9345046,-0.06151722,0.03261334,0.07782933,0.9964331
100,0.9361522,0.3487774,-0.04442209,-0.3509455,0.9346108,-0.05779222,0.02136075,0.06969205,0.9973398
103,0.9353299,0.3500093,-0.05149436,-0.353211,0.9321183,-0.07998512,0.0200033,0.09300084,0.9954652
106,0.9321728,0.3576926,-0.05576457,-0.3606162,0.9310129,-0.05631082,0.03177557,0.07260103,0.9968547
109,0.9311304,0.3614244,-0.04866913,-0.3640969,0.9288955,-0.06772617,0.02073064,0.08078217,0.9965163
112,0.9296315,0.3629155,-0.06385649,-0.3670153,0.9273922,-0.07241222,0.0329405,0.09075299,0.9953285
115,0.928394,0.3684255,-0.04844866,-0.3711424,0.925792,-0.07185023,0.01838193,0.08468667,0.9962381
118,0.9282526,0.3668125,-0.06160926,-0.3709697,0.9250367,-0.08178344,0.02699165,0.09877086,0.9947441
121,0.9258528,0.3757332,-0.04026544,-0.3776352,0.9238446,-0.06247211,0.01372616,0.07304561,0.9972342
124,0.9242589,0.3795496,-0.04108015,-0.3813784,0.9228081,-0.05455126,0.01720419,0.06608658,0.9976656
127,0.9231939,0.3800218,-0.05741729,-0.3836494,0.920124,-0.07864567,0.02294396,0.0946333,0.9952478
130,0.9211491,0.3863485,-0.04710564,-0.3887681,0.9191037,-0.0640908,0.01853358,0.07735036,0.9968317
133,0.9213129,0.3835962,-0.06353248,-0.3874132,0.919534,-0.06609141,0.03306786,0.08550419,0.9957888
136,0.9200931,0.3833601,-0.0803962,-0.3882914,0.9196855,-0.05837892,0.05155908,0.08493119,0.9950518
139,0.9189517,0.3882177,-0.0693884,-0.3917404,0.9188684,-0.04712,0.04546599,0.07048325,0.9964763
142,0.9207513,0.3837698,-0.07026914,-0.3883398,0.9188215,-0.07042094,0.03753937,0.09212847,0.9950392
145,0.9210789,0.3844637,-0.06165334,-0.3882342,0.9189086,-0.06986371,0.02979373,0.08828594,0.9956493
148,0.919006,0.3890887,-0.06354384,-0.3932166,0.9162533,-0.07655425,0.02843586,0.0953403,0.9950385
151,0.915653,0.3981678,-0.05515043,-0.4013687,0.9131353,-0.07132068,0.02196222,0.08744067,0.9959275
154,0.9141605,0.4023235,-0.0494621,-0.4050805,0.9111902,-0.07511555,0.01484863,0.0887038,0.9959474
157,0.9139845,0.4008448,-0.06289324,-0.4052079,0.9097351,-0.09048975,0.02094386,0.1081911,0.9939094
160,0.9132286,0.4043918,-0.0498067,-0.4072497,0.9097477,-0.08066443,0.0126915,0.09394883,0.9954961
163,0.9119365,0.406224,-0.05791124,-0.4096693,0.9093652,-0.07229008,0.02329651,0.08964843,0.9957009
166,0.9115322,0.4081745,-0.05002887,-0.4108374,0.9092083,-0.06747797,0.01794387,0.08206206,0.9964659
169,0.9106838,0.4098479,-0.05176842,-0.4128862,0.9071002,-0.08181908,0.01342577,0.09588577,0.9953019
172,0.9088913,0.4123809,-0.06211964,-0.4160458,0.9068683,-0.06705246,0.02868317,0.08678801,0.9958139
175,0.9105012,0.408283,-0.06551569,-0.4128177,0.9066424,-0.08706792,0.02385096,0.1063215,0.9940456
178,0.9110371,0.4058813,-0.07260624,-0.4107081,0.9088618,-0.07272573,0.03647103,0.09607581,0.9947056
181,0.9116352,0.4049504,-0.07025938,-0.4095257,0.9094613,-0.07189492,0.03478431,0.09431496,0.9949346
184,0.9115545,0.4068866,-0.05926235,-0.4105883,0.9084667,-0.07813932,0.02204403,0.09556067,0.9951797
187,0.9100369,0.4102897,-0.05911929,-0.4136581,0.908076,-0.06545863,0.02682781,0.08402494,0.9961023
190,0.9101498,0.4114392,-0.04842956,-0.4141626,0.906432,-0.08276823,0.009844008,0.09538919,0.9953915
193,0.9100892,0.4126523,-0.0381569,-0.414403,0.9068338,-0.07695998,0.002844255,0.08585276,0.9963039
196,0.9093614,0.4127133,-0.05224488,-0.4155153,0.9071996,-0.06584685,0.02022066,0.08158714,0.996461
199,0.9090588,0.412604,-0.05805222,-0.416281,0.905359,-0.08387551,0.01795074,0.1004138,0.9947838
202,0.9087607,0.4147833,-0.04592115,-0.4172015,0.9055852,-0.07653908,0.009838388,0.08871409,0.9960085
205,0.9094944,0.410719,-0.06426299,-0.4153144,0.9044871,-0.09703998,0.01826889,0.1149467,0.9932036
208,0.9104444,0.4112521,-0.04430161,-0.4135914,0.9066096,-0.08367217,0.00575391,0.09450163,0.995508
211,0.9094298,0.4108958,-0.06404348,-0.4151146,0.9061742,-0.08079475,0.02483633,0.1000626,0.9946709
214,0.9097416,0.4116281,-0.05415364,-0.4148075,0.9066585,-0.07684618,0.0174668,0.0923735,0.9955713
217,0.9094751,0.4096741,-0.07086797,-0.4138316,0.9084039,-0.05954747,0.03998169,0.08348434,0.9957068
220,0.9117162,0.4071642,-0.05468722,-0.410138,0.9097705,-0.06406493,0.02366788,0.08083835,0.9964461
223,0.9115363,0.4063486,-0.06310379,-0.4104807,0.9083151,-0.08043117,0.02463503,0.09921883,0.9947606
226,0.9085936,0.411535,-0.0713912,-0.4156301,0.9077455,-0.05700754,0.04134444,0.08146901,0.995818
229,0.9085977,0.4116693,-0.07056065,-0.4158186,0.907463,-0.06005035,0.03931029,0.08390203,0.9956985
232,0.9098366,0.4107112,-0.05927674,-0.4138005,0.9086775,-0.05544755,0.03109051,0.07497695,0.9967005
235,0.9118508,0.4075883,-0.04899164,-0.4101717,0.9094914,-0.0677124,0.01695868,0.08183858,0.9965014
238,0.9135224,0.4012943,-0.06662958,-0.4061889,0.9087443,-0.09588595,0.02207078,0.1146582,0.9931597
241,0.9110048,0.4106453,-0.03795675,-0.4123423,0.908502,-0.06780827,0.006638636,0.07742483,0.9969761
244,0.9104823,0.4097348,-0.05602943,-0.4130035,0.9078496,-0.07236934,0.02121405,0.08903136,0.9958029
247,0.9102814,0.4100713,-0.05683012,-0.4134391,0.9075459,-0.07368201,0.02136105,0.09056713,0.9956614
250,0.9126559,0.4051211,-0.05418697,-0.4085427,0.9081894,-0.09102284,0.01233675,0.1052102,0.9943736
253,0.9117049,0.406202,-0.06159724,-0.4100499,0.9089813,-0.07491467,0.02556025,0.09355801,0.9952857
256,0.9108078,0.4068404,-0.07006983,-0.4117707,0.9074419,-0.08363,0.02956023,0.1050236,0.9940302
259,0.9098875,0.4111886,-0.05503282,-0.4143166,0.907432,-0.07006368,0.02112915,0.08655108,0.9960233
262,0.9091512,0.412377,-0.05821713,-0.4160548,0.9055462,-0.08297151,0.01850276,0.09965517,0.9948499
265,0.9087111,0.4139164,-0.05401357,-0.417065,0.905671,-0.07626891,0.01734957,0.09183358,0.9956233
268,0.9084923,0.4134541,-0.06080695,-0.41747,0.9045062,-0.08710456,0.01898653,0.1045189,0.9943416
271,0.9059884,0.4185525,-0.06323545,-0.4227248,0.9024013,-0.08351979,0.02210634,0.1023992,0.9944977
274,0.9040397,0.4255678,-0.04005079,-0.427406,0.9012906,-0.07070492,0.006007659,0.08103801,0.9966928
277,0.9022948,0.4273769,-0.0566851,-0.4303276,0.9007849,-0.05835192,0.02612282,0.07704379,0.9966855
280,0.9029981,0.4241045,-0.06877414,-0.4284161,0.9009018,-0.06953856,0.03246713,0.09225713,0.9952058
283,0.9044652,0.4234075,-0.0516597,-0.4262493,0.9017065,-0.07236618,0.01594151,0.0874726,0.9960393
286,0.9043029,0.4241807,-0.04803022,-0.4267731,0.9009587,-0.07834518,0.01004074,0.09134579,0.9957685
289,0.9042813,0.4232163,-0.05624405,-0.4265966,0.9009466,-0.07943991,0.01705261,0.09582954,0.9952517
292,0.9051562,0.4227781,-0.04417335,-0.4249535,0.9025189,-0.06981734,0.01035004,0.0819672,0.9965814
295,0.9058843,0.4209774,-0.04638765,-0.4234354,0.902501,-0.07870485,0.008731931,0.09093965,0.9958182
298,0.9056027,0.4215648,-0.04655228,-0.4238659,0.9034297,-0.06444185,0.01489029,0.07809063,0.9968352
301,0.9061725,0.4192345,-0.05562233,-0.4223894,0.9037117,-0.06994531,0.02094306,0.08687679,0.9959989
304,0.9063573,0.4181747,-0.06038417,-0.4214865,0.904827,-0.06030812,0.0294179,0.08011182,0.9963516
307,0.9063777,0.4198987,-0.04652793,-0.4221565,0.9044316,-0.06154389,0.01623913,0.07542407,0.9970195
310,0.9074432,0.4151148,-0.06501205,-0.4190476,0.9054359,-0.06771098,0.03075642,0.08868701,0.9955845
313,0.9091032,0.4142831,-0.04360056,-0.4163409,0.9070897,-0.06203815,0.01384825,0.07455177,0.9971211
316,0.9091246,0.4143183,-0.042812,-0.416326,0.9070502,-0.06271096,0.01285034,0.07483582,0.9971131
319,0.9083997,0.4131563,-0.06412184,-0.4170334,0.9063186,-0.06833416,0.02988213,0.08881569,0.9955996
322,0.9078554,0.4164592,-0.04858535,-0.4189555,0.9056175,-0.06582904,0.01658463,0.08011834,0.9966475
325,0.9090095,0.4133918,-0.05299821,-0.4163376,0.9065094,-0.07002606,0.01909518,0.08571951,0.9961362
328,0.9092019,0.4113421,-0.06441694,-0.4155864,0.9059939,-0.08039127,0.02529306,0.0998627,0.9946796
331,0.908861,0.4127492,-0.06008096,-0.4166546,0.9050723,-0.08510593,0.01925021,0.1023825,0.9945588
334,0.9081571,0.4132465,-0.06691582,-0.4178,0.9047602,-0.08277632,0.02633575,0.1031313,0.9943189
337,0.9066866,0.4174671,-0.06033953,-0.4212283,0.9036136,-0.07777862,0.0220536,0.09593754,0.9951432
340,0.9060469,0.4184862,-0.06283232,-0.4224002,0.9033509,-0.07439668,0.02562565,0.09394729,0.9952471
343,0.9058945,0.4192035,-0.06019548,-0.4229889,0.9026117,-0.07982728,0.02086926,0.09777711,0.9949895
346,0.9054123,0.4200386,-0.06161473,-0.4240031,0.90196,-0.08179142,0.02121846,0.1001798,0.9947432
349,0.9064599,0.4188256,-0.05399311,-0.4222086,0.9013771,-0.09622318,0.00836743,0.1100188,0.9938941
352,0.9055462,0.4215606,-0.04767099,-0.4241104,0.9023756,-0.07647473,0.01077841,0.08946917,0.9959312
355,0.9053566,0.421727,-0.04975506,-0.4245608,0.9013553,-0.08547853,0.008798389,0.0985126,0.9950969
358,0.9049286,0.4230173,-0.04648097,-0.4255508,0.9003233,-0.09123757,0.00325283,0.1023435,0.9947437
361,0.9048297,0.4243082,-0.03529891,-0.4257107,0.900152,-0.09217864,-0.007337765,0.09843308,0.9951167
364,0.9053881,0.4224373,-0.04265027,-0.4245791,0.901321,-0.08574978,0.002217678,0.09574524,0.9954033
367,0.9058545,0.4190545,-0.06181377,-0.4227195,0.9036631,-0.06856548,0.02712615,0.08824024,0.9957298
370,0.9075949,0.4171706,-0.04732952,-0.4196923,0.9045361,-0.07531653,0.01139143,0.08822074,0.9960358
373,0.9089097,0.4143254,-0.04709092,-0.4168926,0.9053541,-0.08083566,0.009141691,0.09310418,0.9956144
376,0.910349,0.4108248,-0.0498773,-0.4134412,0.9081383,-0.06596465,0.01819557,0.08067219,0.9965746
379,0.9114857,0.408426,-0.04880581,-0.411018,0.9089899,-0.06929315,0.01606287,0.08321978,0.9964017
382,0.9119767,0.4041238,-0.07058799,-0.4087414,0.9097933,-0.07215871,0.03505943,0.09465928,0.9948922
385,0.9117742,0.4051673,-0.06713909,-0.4094663,0.9094449,-0.07243954,0.03170917,0.09353968,0.9951106
390,0.9102304,0.4083329,-0.06888498,-0.4124483,0.9088166,-0.06276176,0.03697612,0.08553915,0.9956486
393,0.9104583,0.4085785,-0.06425984,-0.4128004,0.9073233,-0.0797508,0.02571999,0.09913626,0.9947414
396,0.9092903,0.4081718,-0.08115883,-0.4144721,0.9057677,-0.08830438,0.03746769,0.1139324,0.9927817
399,0.9082139,0.4116692,-0.07533856,-0.4170245,0.9053487,-0.08021478,0.0351857,0.1042702,0.9939264
402,0.9064052,0.4152889,-0.07723308,-0.4209159,0.9033369,-0.08253677,0.03549089,0.1073204,0.9935909
405,0.9055405,0.4192288,-0.06514412,-0.4237803,0.9010895,-0.0919129,0.02016816,0.1108376,0.9936339
408,0.9034179,0.4240243,-0.06355768,-0.4282224,0.8997436,-0.08418633,0.02148856,0.1032723,0.9944211
411,0.901642,0.4277902,-0.06353736,-0.4318043,0.898686,-0.07686603,0.02421761,0.09674136,0.9950148
414,0.9022854,0.4272678,-0.05764833,-0.4307689,0.8989565,-0.07946989,0.01786841,0.09653763,0.995169
417,0.903155,0.4253185,-0.05843638,-0.4288934,0.8998973,-0.07896145,0.01900297,0.09637742,0.9951633
420,0.9055895,0.4184081,-0.06958576,-0.4230985,0.9026666,-0.07861609,0.02991913,0.1006355,0.9944733
423,0.9073426,0.4139025,-0.07357994,-0.4189503,0.9047552,-0.07680075,0.03478382,0.1005109,0.9943277
426,0.9081991,0.4154856,-0.05046013,-0.4180391,0.9063865,-0.06088363,0.02044011,0.07638877,0.9968686
429,0.9086747,0.4143313,-0.05137932,-0.4167826,0.9074428,-0.05328805,0.02454489,0.06983551,0.9972564
432,0.9102256,0.4116867,-0.04476085,-0.413943,0.9076178,-0.06986655,0.01186261,0.08212276,0.9965518
435,0.9120914,0.4061942,-0.0556365,-0.4094767,0.909297,-0.07421328,0.02044509,0.09047115,0.9956892
438,0.9135851,0.4012237,-0.06619599,-0.4055959,0.9107684,-0.07741335,0.02922915,0.0975725,0.9947991
441,0.9149768,0.3987235,-0.06194407,-0.4028156,0.9115626,-0.08242094,0.02360274,0.1003653,0.9946706
444,0.9149095,0.4005574,-0.04994294,-0.40333,0.9121336,-0.07305519,0.01629184,0.08698238,0.9960765
447,0.9133442,0.4024431,-0.06198394,-0.4060098,0.911661,-0.06348435,0.03095951,0.08314914,0.9960561
450,0.9129669,0.4028112,-0.06507275,-0.4064545,0.9118109,-0.05827119,0.03586176,0.07964878,0.9961777
453,0.913583,0.4020113,-0.06126118,-0.4056126,0.9116128,-0.06663588,0.02905811,0.08572572,0.9958948
456,0.914133,0.4005139,-0.06284443,-0.4043213,0.9120238,-0.06882457,0.02975041,0.08832415,0.9956474
459,0.9136632,0.4016061,-0.06270654,-0.4053988,0.9115454,-0.06882536,0.02951917,0.08830435,0.9956561
462,0.9138119,0.4025791,-0.05364978,-0.4058176,0.9103361,-0.08124413,0.01613214,0.09601387,0.9952495
465,0.9122912,0.4043912,-0.0647482,-0.4082248,0.9105898,-0.0646425,0.0328182,0.08540461,0.9958056
468,0.9120641,0.4051053,-0.06347116,-0.408866,0.910217,-0.06582981,0.03110453,0.08599222,0.9958101
471,0.9120199,0.4061004,-0.05746499,-0.4094013,0.9098237,-0.06790853,0.02470533,0.08546016,0.9960353
474,0.9122345,0.4066322,-0.04978603,-0.4092371,0.910096,-0.06519553,0.01879947,0.07984789,0.9966298
477,0.9119786,0.40718,-0.04999145,-0.4096819,0.9102955,-0.05935012,0.02134082,0.07460665,0.9969845
480,0.9121392,0.4061696,-0.05502851,-0.4092495,0.9099362,-0.06731121,0.02273267,0.0839176,0.9962133
483,0.9112753,0.4074227,-0.05986905,-0.410916,0.9091723,-0.06748319,0.02693709,0.08609691,0.9959226
486,0.9110069,0.407419,-0.06384461,-0.4112105,0.9091526,-0.06593511,0.03118128,0.08632091,0.9957793
489,0.9119861,0.4072144,-0.04957549,-0.4098598,0.9095753,-0.06846656,0.01721207,0.08275954,0.9964209
492,0.9128575,0.4055274,-0.04731743,-0.4080704,0.9099447,-0.07402416,0.01303742,0.08688235,0.9961334
495,0.9119933,0.4057737,-0.06013023,-0.4093434,0.9097421,-0.0693339,0.02656913,0.08784597,0.9957796
498,0.9114751,0.4072705,-0.05782962,-0.410548,0.9094565,-0.06587441,0.02576482,0.0837847,0.9961509
501,0.9111483,0.4088403,-0.05155764,-0.4115698,0.909087,-0.06458181,0.02046674,0.08006318,0.9965795
504,0.91267,0.4039121,-0.06235895,-0.4076582,0.9105642,-0.068466,0.02912759,0.087908,0.9957027
507,0.9140561,0.4008476,-0.06182784,-0.4047854,0.9111701,-0.0769268,0.02549976,0.09534241,0.9951178
510,0.9147454,0.3982603,-0.06804171,-0.4030435,0.9112435,-0.08480208,0.02822926,0.1049961,0.994072
513,0.9144791,0.4008289,-0.05535894,-0.404243,0.9110157,-0.08147538,0.01777518,0.09688598,0.995137
516,0.9146576,0.402409,-0.03832478,-0.4042295,0.9106701,-0.08531554,0.0005694869,0.0935265,0.9956168
519,0.9128008,0.405754,-0.04645714,-0.4082978,0.9092438,-0.08104784,0.009355377,0.09294888,0.9956269
522,0.912167,0.4072448,-0.04585892,-0.4097064,0.9088084,-0.07878978,0.00959025,0.09065814,0.9958358
525,0.9123695,0.407507,-0.0389847,-0.4093367,0.9093233,-0.07466309,0.005023964,0.0840782,0.9964464
528,0.9120097,0.406344,-0.05588347,-0.4093777,0.9102204,-0.06251898,0.02546207,0.07989536,0.996478
531,0.9131395,0.4044011,-0.05134115,-0.4072614,0.9104887,-0.07175215,0.01772889,0.08642899,0.9961002
534,0.9137093,0.4031378,-0.05113931,-0.4058712,0.9115597,-0.06578419,0.02009644,0.0808636,0.9965226
537,0.9140889,0.4023058,-0.05090713,-0.4050036,0.9120121,-0.06485447,0.02033659,0.07990032,0.9965954
540,0.9144549,0.4022821,-0.04406359,-0.4045818,0.9112746,-0.07676237,0.009273903,0.08802304,0.9960754
543,0.9130396,0.4053487,-0.04529037,-0.4076507,0.9105521,-0.06867218,0.01340306,0.08116306,0.9966108
546,0.9119691,0.4067594,-0.05346943,-0.4098964,0.9088683,-0.07709327,0.01723825,0.09222361,0.9955891
549,0.9111537,0.4061587,-0.06952586,-0.410772,0.9086324,-0.07518805,0.03263518,0.09706715,0.9947425
552,0.9111844,0.4077259,-0.05918067,-0.4112398,0.9087881,-0.07061011,0.02499312,0.08867628,0.9957468
555,0.9111857,0.4083816,-0.05445145,-0.411459,0.9087598,-0.06969155,0.02102255,0.08590648,0.9960813
558,0.9112608,0.4075213,-0.05941716,-0.4115185,0.9066555,-0.09289054,0.01601602,0.1090988,0.993902
561,0.9091491,0.4109336,-0.06768652,-0.4155622,0.9058342,-0.08229472,0.0274951,0.1029461,0.9943068
564,0.9084815,0.4150843,-0.0486447,-0.4178428,0.9044376,-0.08602311,0.008289253,0.09847625,0.9951048
567,0.9075434,0.4157666,-0.05918709,-0.4190931,0.9056759,-0.06412439,0.02694355,0.08300056,0.9961851
570,0.9077201,0.4157863,-0.05626487,-0.4187204,0.9062466,-0.05822501,0.02678069,0.07641127,0.9967166
573,0.9073526,0.4147797,-0.06832965,-0.4183141,0.9069638,-0.04929432,0.04152625,0.07331059,0.9964442
576,0.9088392,0.4132521,-0.0568697,-0.4162621,0.9073186,-0.05915171,0.02715436,0.07743209,0.9966278
579,0.9085678,0.4132107,-0.06133408,-0.4170223,0.9057721,-0.07529696,0.02444118,0.09399005,0.9952733
582,0.9088821,0.4137743,-0.05219215,-0.4169158,0.9046506,-0.08825208,0.01069922,0.1019705,0.9947299
585,0.9079307,0.4157243,-0.0532428,-0.418788,0.9049165,-0.07577905,0.01667709,0.09109958,0.995702
588,0.9095291,0.4128197,-0.04833754,-0.4156151,0.9045762,-0.09489884,0.004548883,0.1064031,0.9943126
591,0.9084542,0.415565,-0.04491192,-0.4178968,0.90521,-0.07718515,0.008579265,0.08888771,0.9960049
594,0.9068866,0.4179614,-0.05352436,-0.4208902,0.9045959,-0.06751035,0.0202012,0.08375211,0.9962818
597,0.906727,0.419303,-0.04506736,-0.4214931,0.9045438,-0.06437475,0.01377288,0.07736591,0.9969077
600,0.9063282,0.4199426,-0.04709257,-0.4223508,0.9038338,-0.06858939,0.01376024,0.08205407,0.996533
603,0.906538,0.4190276,-0.05103453,-0.4219649,0.9028679,-0.08230945,0.01158751,0.09615143,0.9952991
606,0.9065066,0.4196741,-0.04604036,-0.4221443,0.9026369,-0.08391058,0.006342629,0.09550115,0.9954093
609,0.9058281,0.4202799,-0.05329182,-0.423198,0.9034621,-0.06826021,0.01945875,0.08438502,0.9962431
612,0.906835,0.4182408,-0.05219852,-0.4212366,0.903578,-0.07814177,0.01448337,0.09284963,0.9955747
615,0.9064739,0.4196239,-0.04712425,-0.4220647,0.9037992,-0.07076951,0.01289429,0.08404021,0.9963789
618,0.906992,0.4170153,-0.0588543,-0.4206684,0.9037362,-0.07936683,0.02009158,0.09674322,0.9951066
621,0.9064318,0.4185792,-0.05632776,-0.4218498,0.903769,-0.07241833,0.02059447,0.08940413,0.9957824
624,0.9074175,0.4179016,-0.04417892,-0.4201714,0.9040219,-0.07874269,0.007032019,0.09001522,0.9959156
627,0.9074708,0.41739,-0.04777135,-0.4197692,0.9054548,-0.06281152,0.0170379,0.07705256,0.9968814
630,0.9093354,0.4141828,-0.03951918,-0.4160134,0.9065944,-0.07084847,0.00648365,0.08086553,0.9967039
633,0.9072767,0.4177746,-0.04809489,-0.4202387,0.9049754,-0.06647355,0.01575374,0.08052125,0.9966283
636,0.9083778,0.4151882,-0.04968546,-0.4178081,0.9060119,-0.06766745,0.01692089,0.0822266,0.9964701
639,0.9094482,0.412655,-0.05118464,-0.4155936,0.906083,-0.07934397,0.01363585,0.09343123,0.9955324
642,0.9094526,0.4136195,-0.04260112,-0.4157226,0.9065531,-0.07304828,0.008405986,0.0841442,0.9964181
645,0.9097379,0.4119082,-0.05204245,-0.4149935,0.9059361,-0.08402414,0.01253691,0.09803723,0.9951038
648,0.9090006,0.4147893,-0.0408386,-0.4166557,0.9068563,-0.06332274,0.01076915,0.07457604,0.9971572
651,0.9087955,0.414159,-0.05062349,-0.4168153,0.9066425,-0.06530013,0.01885278,0.08044512,0.9965806
654,0.9086547,0.4148511,-0.04737999,-0.4174243,0.9052802,-0.07889595,0.0101621,0.09146675,0.9957561
657,0.9095951,0.4130138,-0.04534236,-0.4154688,0.9053382,-0.0880231,0.004695418,0.09890374,0.9950857
660,0.9082986,0.4144201,-0.05700458,-0.4178689,0.9051932,-0.07752984,0.01947023,0.0942407,0.995359
663,0.908329,0.4153251,-0.04943252,-0.4181535,0.9043642,-0.08528264,0.009284971,0.09813507,0.9951298
666,0.9087182,0.4155146,-0.03973752,-0.4173957,0.9053596,-0.07813516,0.003510437,0.0875891,0.9961506
669,0.9084736,0.414678,-0.05213489,-0.4177683,0.9046029,-0.08463677,0.01206436,0.09867056,0.9950472
672,0.9074569,0.4181111,-0.04129122,-0.4200875,0.904566,-0.07271051,0.006949566,0.08332759,0.9964979
675,0.9085756,0.4159081,-0.03886902,-0.41771,0.905268,-0.07751229,0.002948893,0.08666176,0.9962334
678,0.909461,0.4130719,-0.04745843,-0.415455,0.9073668,-0.06389575,0.01666867,0.07782753,0.9968274
681,0.9111803,0.4080084,-0.05726849,-0.4117537,0.9066605,-0.09179215,0.01447111,0.1072197,0.9941301
684,0.9105662,0.4104089,-0.04933402,-0.4130854,0.9078263,-0.07219332,0.01515794,0.08611596,0.9961698
687,0.9103734,0.409393,-0.06014563,-0.412906,0.908269,-0.06749689,0.02699566,0.08628187,0.9959049
690,0.909761,0.4111868,-0.05710265,-0.4143039,0.9080022,-0.0623271,0.02622124,0.08036061,0.9964211
693,0.9092345,0.4134968,-0.04809489,-0.4160492,0.906519,-0.07159906,0.01399295,0.08511017,0.9962733
696,0.908352,0.4146918,-0.05410418,-0.4176749,0.906094,-0.06738831,0.02107809,0.08381027,0.9962587
699,0.9080607,0.4162634,-0.04637364,-0.4186929,0.9050836,-0.07429616,0.01104524,0.08688173,0.9961574
702,0.9074723,0.4167134,-0.05332787,-0.4197554,0.9045954,-0.07424581,0.01730092,0.08976068,0.995813
705,0.908149,0.4144961,-0.0588101,-0.4181085,0.9051116,-0.07719106,0.0212343,0.09468998,0.9952804
708,0.9092014,0.4128194,-0.05415787,-0.4159442,0.9063727,-0.07402021,0.01853024,0.08982592,0.9957851
711,0.9101336,0.4110105,-0.05222461,-0.413808,0.908004,-0.06551236,0.02049389,0.08123595,0.9964843
714,0.9113309,0.4082656,-0.05286914,-0.411229,0.9087796,-0.07078299,0.01914814,0.08624805,0.9960896
717,0.9122152,0.4060393,-0.05473376,-0.409391,0.9086161,-0.08255967,0.0162095,0.09771968,0.9950821
720,0.9112143,0.4082556,-0.05491762,-0.4112245,0.9093418,-0.06318182,0.02414456,0.08015565,0.9964899
723,0.9112603,0.408248,-0.05420342,-0.4112808,0.9089261,-0.06856646,0.02127478,0.08477473,0.9961729
726,0.9100993,0.4103791,-0.05751569,-0.413509,0.90842,-0.06150745,0.02700704,0.07976115,0.9964479
729,0.909871,0.4128278,-0.04132914,-0.4146264,0.9083272,-0.05501645,0.01482806,0.06719402,0.9976298
732,0.9096338,0.4131313,-0.0434605,-0.415013,0.9083536,-0.05155293,0.01817938,0.06493096,0.9977241
735,0.9089051,0.4145063,-0.0455664,-0.4164885,0.907775,-0.04982102,0.02071291,0.06426045,0.9977183
738,0.908087,0.4157016,-0.05069635,-0.4178142,0.9075497,-0.04224601,0.02844772,0.05954471,0.9978201
741,0.9090648,0.414082,-0.04623072,-0.4161006,0.9079705,-0.04949559,0.0214809,0.06423133,0.9977039
744,0.9101859,0.4094855,-0.06231501,-0.4131583,0.908226,-0.06652582,0.02935475,0.08629684,0.9958369
747,0.9110461,0.4080793,-0.05887422,-0.4115052,0.9088489,-0.0682421,0.02565959,0.08639874,0.9959301
750,0.9113163,0.4080837,-0.05449773,-0.4112482,0.9085362,-0.07373436,0.01942337,0.08960743,0.9957877
753,0.9117004,0.4071856,-0.05479328,-0.4103405,0.9090998,-0.07182137,0.02056793,0.08796347,0.9959114
756,0.912809,0.4064819,-0.03939657,-0.4083382,0.9099295,-0.0727201,0.006288701,0.08246668,0.9965739
759,0.912017,0.408618,-0.03544085,-0.4100269,0.9104632,-0.05417132,0.01013221,0.06393687,0.9979025
762,0.9118899,0.4083163,-0.04164918,-0.4102657,0.9097226,-0.06392919,0.01178587,0.07538361,0.997085
765,0.9130218,0.4046115,-0.05177592,-0.4077156,0.9091302,-0.08514906,0.01261876,0.0988528,0.9950221
768,0.911714,0.4068143,-0.05726774,-0.4103388,0.9085257,-0.07875974,0.01998863,0.09530554,0.9952473
771,0.9109215,0.4091318,-0.05322387,-0.4118061,0.9095109,-0.05661517,0.02524463,0.0734899,0.9969762
776,0.9107869,0.4094369,-0.05318626,-0.4120875,0.9094336,-0.0558073,0.02551981,0.07274595,0.9970239
779,0.9110929,0.4090742,-0.05067905,-0.4116295,0.9094008,-0.05959713,0.02170791,0.0751595,0.9969354
782,0.9122296,0.4064667,-0.05120403,-0.4092901,0.9096624,-0.07068061,0.01784907,0.08543426,0.9961838
785,0.9116587,0.4071783,-0.05553621,-0.4103012,0.9094537,-0.06743008,0.02305155,0.08425979,0.9961771
788,0.9115304,0.4072002,-0.05744811,-0.4103382,0.9098378,-0.061788,0.02710837,0.0798948,0.9964347
791,0.9118298,0.406423,-0.05819351,-0.4098467,0.9094366,-0.0703589,0.02432784,0.08800577,0.9958227
794,0.911504,0.4073228,-0.05699995,-0.4105858,0.9092751,-0.06810635,0.02408736,0.08548256,0.9960486
797,0.9108609,0.4085514,-0.05846594,-0.4117962,0.909111,-0.06277888,0.02750362,0.08125888,0.9963135
800,0.9108562,0.4100373,-0.04701477,-0.4122444,0.9093652,-0.05576272,0.0198888,0.0701734,0.9973365
803,0.9116146,0.4076529,-0.05270519,-0.4105395,0.9093385,-0.06753337,0.02039668,0.08320197,0.9963239
806,0.9113507,0.4083193,-0.05210795,-0.4109929,0.9096627,-0.05998846,0.02290622,0.07608652,0.996838
809,0.91106,0.4081593,-0.05809775,-0.4113134,0.9094794,-0.06056487,0.0281186,0.07907463,0.9964719
812,0.9107825,0.4079302,-0.06378224,-0.4117211,0.908908,-0.06612143,0.03099925,0.08648273,0.9957709
815,0.9109412,0.4092261,-0.05215575,-0.4119096,0.9092252,-0.0603331,0.02273144,0.07644336,0.9968148
818,0.9113015,0.4075255,-0.05875884,-0.4109243,0.9091648,-0.06753274,0.02590016,0.08568812,0.9959853
821,0.9107686,0.4078891,-0.06424154,-0.4121138,0.9076282,-0.07983345,0.02574424,0.09918462,0.994736
824,0.910763,0.410519,-0.04455605,-0.4125608,0.9091974,-0.05616077,0.01745518,0.06953122,0.9974272
827,0.9101663,0.4105301,-0.05534318,-0.4135655,0.9081716,-0.06471715,0.02369276,0.08179139,0.9963681
830,0.910942,0.4095107,-0.04985814,-0.4123564,0.907426,-0.08087209,0.01212459,0.0942291,0.9954767
833,0.9105232,0.4105017,-0.04935421,-0.4130228,0.9085367,-0.06303337,0.01896481,0.07777776,0.9967903
836,0.9101009,0.4103465,-0.05772591,-0.4135274,0.9083254,-0.06277072,0.02667617,0.08099893,0.9963572
839,0.9093273,0.4119,-0.05884134,-0.4151592,0.9076043,-0.06242796,0.02769058,0.08119597,0.9963135
842,0.9099588,0.4100519,-0.06190705,-0.4140574,0.9066698,-0.08066139,0.0230539,0.09903161,0.9948172
845,0.9090832,0.4134803,-0.05100685,-0.4162101,0.9067616,-0.06747252,0.0183525,0.08256771,0.9964164
848,0.9079633,0.4152732,-0.05613177,-0.4185727,0.9051455,-0.07421855,0.01998645,0.09088294,0.995661
851,0.9075903,0.4161613,-0.05558348,-0.4192629,0.9053684,-0.06727972,0.02232432,0.08436652,0.9961846
854,0.9076222,0.41548,-0.059985,-0.4187506,0.9061273,-0.05984306,0.02949046,0.07943365,0.9964038
857,0.9083156,0.4143679,-0.05711697,-0.4176161,0.9060913,-0.06779093,0.0236628,0.08542851,0.9960635
860,0.9078389,0.4152114,-0.05854887,-0.4185098,0.9058814,-0.0650268,0.02603846,0.08353714,0.9961644
863,0.9085732,0.4142264,-0.053958,-0.4172847,0.9059457,-0.07166646,0.01919687,0.08763006,0.9959682
866,0.9081121,0.4139707,-0.06293361,-0.4178003,0.9058039,-0.0704433,0.02784404,0.0902641,0.9955286
869,0.9078876,0.4128347,-0.07285286,-0.4179301,0.9049242,-0.08029183,0.03277906,0.1033434,0.9941055
872,0.9078555,0.4145642,-0.06272694,-0.4185621,0.904864,-0.07763262,0.02457564,0.09673433,0.9950067
875,0.9077299,0.4149248,-0.0621607,-0.4185202,0.9058976,-0.06473386,0.02945154,0.08477636,0.9959647
878,0.9090449,0.4142089,-0.04547913,-0.4166042,0.905729,-0.07807606,0.008851971,0.08992144,0.9959095
881,0.9080304,0.4163821,-0.04590256,-0.418743,0.9052585,-0.07184459,0.01163887,0.08445843,0.9963592
884,0.9074277,0.4172847,-0.04948171,-0.4199462,0.9047105,-0.0717218,0.01483821,0.085862,0.9961966
887,0.9073939,0.4161429,-0.05883302,-0.4198163,0.9040477,-0.08032437,0.01976144,0.0975849,0.9950309
890,0.906961,0.418441,-0.04825783,-0.4209847,0.9042816,-0.07103901,0.01391303,0.08474542,0.9963054
893,0.9072336,0.416606,-0.05802217,-0.4200508,0.904548,-0.07314536,0.02201105,0.09073219,0.995632
896,0.9079795,0.4150986,-0.05715348,-0.4185583,0.9048787,-0.07748292,0.01955391,0.09427495,0.9953542
899,0.9073864,0.4157856,-0.06141967,-0.4193453,0.905443,-0.06574637,0.02827561,0.0854134,0.9959443
902,0.907786,0.4147124,-0.06275613,-0.4185211,0.9054794,-0.07033693,0.02765478,0.09011564,0.9955474
905,0.9069578,0.4172004,-0.05806237,-0.4206102,0.9044193,-0.07150251,0.02268185,0.0892714,0.9957489
908,0.9064012,0.4187011,-0.05591623,-0.4218216,0.9041891,-0.06714866,0.02244363,0.08445028,0.9961751
911,0.9070717,0.4157268,-0.06627241,-0.4199177,0.9046652,-0.0724569,0.02983207,0.09355256,0.9951673
914,0.9077739,0.4160489,-0.05338705,-0.4191437,0.9046553,-0.07692632,0.01629175,0.09220854,0.9956066
917,0.9080362,0.4158694,-0.05022845,-0.4187179,0.9045643,-0.08024158,0.01206485,0.0938938,0.9955091
920,0.9077455,0.4164738,-0.0504749,-0.4191978,0.905181,-0.07014797,0.01647413,0.08483546,0.9962589
923,0.9075084,0.4160911,-0.0574174,-0.4196395,0.9040685,-0.08101207,0.01820086,0.09761374,0.995058
926,0.9069781,0.417007,-0.05912472,-0.4204862,0.9045634,-0.07040093,0.02412438,0.08871324,0.995765
929,0.9070313,0.4161612,-0.06406231,-0.4201787,0.9044449,-0.07368368,0.02727654,0.09375103,0.9952219
932,0.9073125,0.4156929,-0.06311573,-0.4195633,0.9049076,-0.07147766,0.02740114,0.09133361,0.9954434
935,0.9060845,0.4193688,-0.05604297,-0.4224368,0.9040955,-0.06448714,0.0236243,0.08210541,0.9963437
938,0.9068883,0.4176105,-0.05617057,-0.4210111,0.9035361,-0.0798266,0.01741571,0.09604224,0.995225
941,0.9068729,0.4175081,-0.05717104,-0.420803,0.9044512,-0.06995018,0.02250364,0.08749366,0.9959109
944,0.9075564,0.416017,-0.0571944,-0.4194545,0.9045615,-0.07633059,0.01998102,0.09326477,0.9954408
947,0.9078352,0.4144776,-0.06358927,-0.4186635,0.9044443,-0.0818613,0.02358329,0.1009391,0.9946131
950,0.9059157,0.4180882,-0.06722365,-0.4224746,0.9031637,-0.07622766,0.02884408,0.09745612,0.9948218
953,0.9058782,0.4195428,-0.05803662,-0.4229299,0.9033849,-0.07089373,0.02268646,0.08876652,0.995794
956,0.9067892,0.4181972,-0.0533321,-0.4213335,0.903331,-0.08044366,0.01453522,0.09541605,0.9953313
959,0.9066132,0.4175555,-0.06082468,-0.4214933,0.9029421,-0.08389656,0.01988971,0.1016989,0.9946163
962,0.9062739,0.4184345,-0.05983469,-0.4219821,0.9038379,-0.07076837,0.02446893,0.0893847,0.9956965
965,0.906438,0.4184646,-0.05707689,-0.4218269,0.9036874,-0.07356279,0.02079624,0.09075666,0.9956561
968,0.9071069,0.416665,-0.05955759,-0.420292,0.9042853,-0.0749842,0.02261377,0.09305028,0.9954045
971,0.9077379,0.415076,-0.06102123,-0.4189483,0.9045293,-0.07942912,0.02222637,0.09766557,0.994971
974,0.9088998,0.4140784,-0.04939675,-0.416866,0.9053391,-0.08114064,0.01112222,0.09434055,0.9954778
977,0.9091201,0.412765,-0.05590863,-0.4162431,0.9052807,-0.08490339,0.01556786,0.100459,0.9948195
980,0.9092318,0.4126143,-0.05519978,-0.4158711,0.9062446,-0.07597438,0.01867638,0.09203433,0.9955808
983,0.9100713,0.4115196,-0.04921307,-0.4142168,0.9071187,-0.07456598,0.01395673,0.08824523,0.996001
986,0.9107037,0.4108804,-0.04237734,-0.4129839,0.9077008,-0.07431952,0.007929518,0.08518422,0.9963336
989,0.9099969,0.4132206,-0.03397471,-0.4146141,0.9070991,-0.07256927,0.0008313055,0.08012421,0.9967845
992,0.9095493,0.4131454,-0.04506753,-0.4155105,0.9062006,-0.07843197,0.008436419,0.09006377,0.9959003
995,0.909744,0.4123367,-0.04841773,-0.4151026,0.9054859,-0.08823331,0.007459741,0.100368,0.9949225
998,0.9093303,0.4141995,-0.03946172,-0.4160751,0.9052251,-0.0863079,-2.695167E-05,0.09490142,0.9954867
1001,0.9090022,0.4143563,-0.04498438,-0.4167016,0.9057338,-0.0774976,0.008632258,0.08919057,0.995977
1004,0.909023,0.4146975,-0.04126924,-0.4166533,0.9064411,-0.0690255,0.008783426,0.07994074,0.9967609
1007,0.9090759,0.4140707,-0.04611484,-0.4164768,0.906164,-0.07357962,0.01132044,0.08609522,0.9962227
1010,0.908425,0.4147683,-0.05226455,-0.4176746,0.9057769,-0.07153005,0.01767162,0.08680925,0.9960684
1013,0.9081692,0.415404,-0.05165427,-0.4182193,0.9056854,-0.06947207,0.01792355,0.08469521,0.9962456
1016,0.9077446,0.4148853,-0.06220933,-0.418676,0.9053157,-0.0715118,0.02664988,0.09096,0.9954979
1019,0.9078896,0.4148972,-0.05997307,-0.4184726,0.9054492,-0.07100929,0.02484102,0.08956569,0.9956711
1022,0.9074259,0.4155767,-0.06224489,-0.4193614,0.90502,-0.07123844,0.02672783,0.09074671,0.9955153
1025,0.9068109,0.4173722,-0.05911057,-0.4205111,0.9054439,-0.05780559,0.02939487,0.0772754,0.9965762
1028,0.9069385,0.4170587,-0.05937211,-0.4205383,0.9046066,-0.06953281,0.02470914,0.08803021,0.9958115
1031,0.9067053,0.4175094,-0.05976202,-0.4210073,0.9044338,-0.0689377,0.02526865,0.08766641,0.9958294
1034,0.9061581,0.4188775,-0.05847003,-0.4221189,0.9043208,-0.06339647,0.02632032,0.08212854,0.9962739
1037,0.9066494,0.41795,-0.05748317,-0.4213972,0.9037036,-0.07578924,0.02027164,0.09293753,0.9954654
1040,0.9067325,0.4172514,-0.06113492,-0.4212233,0.9030625,-0.08395872,0.02017676,0.1018796,0.9945921
1043,0.9057366,0.4198624,-0.05793391,-0.4233321,0.9028525,-0.0751462,0.02075472,0.09258796,0.995488
1046,0.9052567,0.4214057,-0.05410949,-0.4244194,0.9027764,-0.06973691,0.01946123,0.08609492,0.996097
1049,0.9053192,0.4218766,-0.04916723,-0.424467,0.9027605,-0.06965119,0.01500202,0.08392642,0.9963591
1052,0.9052059,0.4220745,-0.04954922,-0.424578,0.9032219,-0.06263733,0.01831633,0.0777372,0.9968055
1055,0.9053684,0.4213761,-0.0524395,-0.4243554,0.9022767,-0.07628229,0.01517141,0.09131657,0.9957062
1058,0.9044303,0.4239376,-0.04778043,-0.4263882,0.9019532,-0.0683646,0.01411339,0.08220401,0.9965157
1061,0.9045248,0.4233579,-0.05101623,-0.4261638,0.9016391,-0.07369593,0.01479848,0.08840108,0.9959749
1064,0.9044859,0.4225224,-0.05813543,-0.4259373,0.9018741,-0.07211222,0.02196182,0.08998655,0.9957007
1067,0.9051401,0.4213471,-0.05646015,-0.4246935,0.9021357,-0.0760681,0.01888365,0.09283055,0.9955027
1070,0.9057321,0.4202543,-0.05509797,-0.4236557,0.9015768,-0.08760765,0.01285756,0.1026916,0.9946302
1073,0.9054506,0.4223615,-0.04207413,-0.4244308,0.9019341,-0.07983407,0.004229249,0.09014336,0.9959199
1076,0.9043785,0.423244,-0.05443971,-0.4262972,0.9018269,-0.07055876,0.01923163,0.08701934,0.9960207
1079,0.904097,0.4237446,-0.05521967,-0.4268367,0.9016781,-0.06918835,0.02047218,0.08612276,0.9960742
1082,0.903873,0.4245151,-0.05291938,-0.4272914,0.9018978,-0.06326407,0.02087132,0.07979468,0.9965927
1085,0.9040446,0.4242882,-0.0517971,-0.4271004,0.9014898,-0.07001038,0.01698997,0.08541507,0.9962006
1088,0.9048129,0.4228091,-0.05045791,-0.4255773,0.9018589,-0.07439312,0.01405183,0.0887856,0.9959516
1091,0.9047819,0.4222402,-0.0555226,-0.4254933,0.9017743,-0.07588357,0.01802777,0.09228259,0.9955696
1094,0.9047163,0.4216984,-0.06048698,-0.4254091,0.9018441,-0.07552642,0.02270046,0.0940617,0.9953074
1097,0.9035805,0.4236659,-0.0636364,-0.4274719,0.9014509,-0.06822115,0.02846211,0.08884607,0.9956387
1100,0.9032092,0.4257187,-0.05455909,-0.4285097,0.9016495,-0.05837415,0.02434221,0.07610317,0.9968027
1103,0.9042153,0.4232824,-0.05680151,-0.426346,0.9024256,-0.06210459,0.02497136,0.08037302,0.9964519
1106,0.9049884,0.4218856,-0.05484957,-0.4249533,0.9025578,-0.06931094,0.02026363,0.0860341,0.9960861
1109,0.9051984,0.4213772,-0.05529524,-0.424642,0.9020321,-0.07757417,0.01719008,0.09370068,0.9954522
1112,0.9037943,0.4249056,-0.05109699,-0.4275124,0.9018777,-0.06204577,0.01971964,0.07792122,0.9967644
1115,0.9034581,0.4259066,-0.04864848,-0.4282725,0.9016994,-0.05933378,0.01859566,0.0744404,0.9970519
1118,0.9026532,0.4257304,-0.06301357,-0.4291819,0.9013286,-0.05839116,0.03193704,0.07975126,0.996303
1121,0.9029835,0.4256768,-0.05848254,-0.4289657,0.9009224,-0.06578427,0.02468538,0.08448911,0.9961187
1124,0.9028451,0.4260279,-0.05805859,-0.4292868,0.9007491,-0.06605853,0.02415346,0.08456442,0.9961252
1127,0.9028573,0.4262501,-0.05621191,-0.4293979,0.9005447,-0.06809486,0.0215959,0.08561721,0.9960942
1130,0.9025868,0.4273538,-0.05201755,-0.4300336,0.9006574,-0.06234927,0.02020479,0.07864492,0.996698
1133,0.9025511,0.4285334,-0.04195596,-0.4304736,0.9002197,-0.06554899,0.009679645,0.07722226,0.9969667
1136,0.9023964,0.4287113,-0.0434408,-0.4307045,0.9004652,-0.06046426,0.01319522,0.07327289,0.9972246
1139,0.9022767,0.4282766,-0.0497578,-0.4306725,0.900712,-0.05691275,0.02044305,0.07278036,0.9971384
1142,0.9035416,0.4256264,-0.04954409,-0.4282005,0.901178,-0.06724913,0.01602505,0.0819772,0.9965053
1145,0.9029676,0.4267751,-0.05012803,-0.4293445,0.9008456,-0.06434868,0.0176952,0.07962696,0.9966678
1148,0.9021029,0.4284532,-0.05136403,-0.4311359,0.8999177,-0.06534462,0.01822629,0.08109245,0.99654
1151,0.9012438,0.4304469,-0.04975084,-0.4328798,0.8995193,-0.05899387,0.01935811,0.074704,0.9970179
1154,0.9008295,0.4317685,-0.0456341,-0.4340348,0.8982092,-0.06952946,0.01096833,0.08244096,0.9965357
1157,0.9012744,0.4309312,-0.04475337,-0.4331848,0.8980964,-0.07598636,0.007447941,0.08787104,0.9961041
1162,0.9005383,0.4313664,-0.05434958,-0.4343504,0.898133,-0.06853368,0.01925002,0.08532397,0.9961673
1165,0.9004297,0.431335,-0.05635898,-0.4344805,0.8981097,-0.06801003,0.02128144,0.08572514,0.9960914
1168,0.9006339,0.4317987,-0.0490769,-0.4343774,0.8978949,-0.07142203,0.01322596,0.08564299,0.9962382
1171,0.9003897,0.4322875,-0.04925492,-0.4348924,0.8975695,-0.07237182,0.01292428,0.08658343,0.9961609
1174,0.8999932,0.4338432,-0.0423319,-0.4358287,0.8973849,-0.06894436,0.00807697,0.08049893,0.9967218
1177,0.8995226,0.4338353,-0.05144176,-0.4364215,0.8976997,-0.06059555,0.01989076,0.07695735,0.9968361
1180,0.8999482,0.4331167,-0.05003057,-0.4356594,0.8978246,-0.0641231,0.0171459,0.07950377,0.9966871
1183,0.9011172,0.430636,-0.05040106,-0.433412,0.897862,-0.07744484,0.01190266,0.0916313,0.9957218
1186,0.9005628,0.4298111,-0.06518277,-0.4339548,0.8977286,-0.07593759,0.02587762,0.09667295,0.9949797
1189,0.9009222,0.4301274,-0.05770263,-0.4335279,0.8980632,-0.07440477,0.01981708,0.09204862,0.9955573
1192,0.9011373,0.4299782,-0.05541001,-0.4331617,0.8982733,-0.07399967,0.01795509,0.09068537,0.9957177
1195,0.9012454,0.4296778,-0.0559797,-0.4329602,0.898156,-0.07655817,0.01738317,0.09323467,0.9954923
1198,0.9017229,0.4284042,-0.05801691,-0.4319659,0.8982358,-0.08110641,0.01736653,0.09819682,0.9950156
1201,0.9017546,0.428715,-0.05515391,-0.4319125,0.8987166,-0.07589407,0.01703082,0.09225949,0.9955893
