Packet Number,Element 11, Element 12, Element 13, Element 21, Element 22, Element 23, Element 31, Element 32, Element 33
115,0.9999989,0.001222534,-0.0008519434,-0.001218935,0.9999903,0.004212054,0.0008570846,-0.004211011,0.9999908
120,0.999994,0.002396452,-0.002487079,-0.002364224,0.9999142,0.01288122,0.002517734,-0.01287526,0.9999139
125,0.9999315,0.01113769,-0.00357179,-0.01107824,0.9998065,0.01625506,0.003752143,-0.01621438,0.9998614
130,0.9997595,0.02169477,-0.003235221,-0.02163719,0.9996234,0.01688157,0.003600244,-0.01680751,0.9998524
135,0.9995931,0.02835137,-0.00313146,-0.02828232,0.9993948,0.02024857,0.00370364,-0.02015176,0.99979
140,0.9993882,0.03476888,-0.003761691,-0.03467616,0.9991473,0.02240677,0.004537542,-0.02226263,0.9997418
145,0.9992154,0.03946671,-0.003286269,-0.03937131,0.9989049,0.02527592,0.004280228,-0.02512671,0.999675
150,0.9991838,0.040213,-0.003817234,-0.04008693,0.998782,0.02876679,0.004969383,-0.02859029,0.9995788
155,0.9991752,0.04024651,-0.005391003,-0.04005103,0.9986702,0.03246002,0.006690236,-0.03221733,0.9994585
160,0.999074,0.04253294,-0.006501771,-0.04227316,0.9984608,0.03590684,0.008018985,-0.03559873,0.9993341
165,0.9990565,0.04280294,-0.007356369,-0.04248895,0.9983529,0.03854972,0.008994294,-0.03820078,0.9992296
170,0.9991355,0.04053333,-0.009240382,-0.04012089,0.9983476,0.04114036,0.01089267,-0.04073405,0.9991107
175,0.999216,0.03852722,-0.009122171,-0.03810034,0.9983449,0.04308014,0.01076683,-0.0426988,0.9990301
180,0.9992809,0.03665736,-0.009682057,-0.03618959,0.9983434,0.0447292,0.01130567,-0.04434665,0.9989522
185,0.9991648,0.03959596,-0.01010335,-0.03910575,0.9982297,0.0448139,0.01185992,-0.04438137,0.9989443
190,0.9990848,0.04160459,-0.009937279,-0.04112052,0.9981512,0.0447597,0.01178112,-0.04431011,0.9989484
195,0.9990354,0.04287621,-0.009483017,-0.04241179,0.9980999,0.04469687,0.01138143,-0.04425156,0.9989556
200,0.999161,0.03989217,-0.009260579,-0.03941562,0.99812,0.04693278,0.01111542,-0.04652839,0.9988551
205,0.9993216,0.03579815,-0.008657244,-0.03533786,0.9981985,0.04848821,0.01037744,-0.04814938,0.9987863
210,0.9992276,0.03858016,-0.007474514,-0.03816578,0.998053,0.04933277,0.009363227,-0.04900939,0.9987546
215,0.9992088,0.03907199,-0.007437278,-0.03864683,0.9979703,0.05061387,0.009399767,-0.05028639,0.9986907
220,0.9992231,0.03843829,-0.008717906,-0.03793953,0.9979495,0.05155132,0.01068157,-0.05118051,0.9986324
225,0.9992307,0.03792206,-0.01001432,-0.03735809,0.9979736,0.05151207,0.01194747,-0.05109831,0.9986223
230,0.9993458,0.03453296,-0.01074156,-0.03391321,0.9980007,0.05333382,0.01256186,-0.05293465,0.9985189
235,0.9994045,0.03236385,-0.01197335,-0.03169337,0.9981185,0.05248826,0.01364954,-0.05207753,0.9985498
240,0.9994767,0.02987053,-0.01240954,-0.02918493,0.9982114,0.05217331,0.01394579,-0.05178383,0.9985609
245,0.9995174,0.02840235,-0.01258619,-0.02772584,0.9983134,0.05100721,0.01401369,-0.05063364,0.998619
250,0.9994676,0.02993135,-0.01298984,-0.02924737,0.9983216,0.0499866,0.0144642,-0.04958006,0.9986655
255,0.9994224,0.03135066,-0.01310899,-0.03063208,0.9981861,0.05182736,0.01471004,-0.05139587,0.99857
260,0.9993691,0.03282756,-0.01355925,-0.03208374,0.9981397,0.05184568,0.01523599,-0.05137794,0.9985631
265,0.9992694,0.0355186,-0.01411898,-0.03475978,0.998105,0.05077652,0.01589574,-0.05024865,0.9986103
270,0.9991007,0.039696,-0.01490921,-0.03887534,0.9979007,0.05179928,0.01693414,-0.05117309,0.9985463
276,0.9989905,0.04284354,-0.01351309,-0.04206659,0.9976912,0.05331897,0.01576626,-0.05269669,0.9984862
281,0.9988735,0.0455898,-0.01316677,-0.04480731,0.9975018,0.05461281,0.01562367,-0.05396132,0.9984208
286,0.9987717,0.04779263,-0.01307446,-0.04699081,0.9973262,0.05596736,0.01571433,-0.05528424,0.998347
291,0.9986095,0.05114115,-0.01279771,-0.0503495,0.9971613,0.05598578,0.01562455,-0.05526357,0.9983496
296,0.9982447,0.05798279,-0.01206111,-0.05728807,0.9970222,0.05162228,0.0150184,-0.05084071,0.9985938
301,0.9979218,0.06343422,-0.01132762,-0.06280617,0.9968156,0.04913435,0.01440834,-0.04832079,0.998728
306,0.9977722,0.06586117,-0.01063376,-0.06525388,0.9966223,0.04986031,0.0138817,-0.04905533,0.9986997
311,0.9977679,0.06597783,-0.0103076,-0.06537908,0.9965869,0.05039908,0.01359765,-0.04961268,0.9986759
316,0.9978461,0.06476016,-0.01047217,-0.06415974,0.9966848,0.0500307,0.01367744,-0.04925104,0.9986929
321,0.9979243,0.06360238,-0.01007895,-0.06299941,0.9966693,0.05178033,0.01333873,-0.05103789,0.9986076
326,0.9978765,0.06433239,-0.01020746,-0.06373254,0.9966633,0.05099556,0.01345406,-0.05023672,0.9986469
331,0.9978125,0.06530231,-0.0102834,-0.0647139,0.9966612,0.04978359,0.01350005,-0.04900922,0.9987071
336,0.9976947,0.0670222,-0.01065564,-0.06640812,0.9965304,0.0501736,0.01398141,-0.0493503,0.9986838
341,0.9973836,0.07152559,-0.01048984,-0.07091756,0.9962307,0.04995093,0.01402307,-0.04907633,0.9986966
346,0.9972254,0.07366105,-0.01076378,-0.07304557,0.9961063,0.04936382,0.01435806,-0.0484406,0.998723
351,0.9972199,0.07368012,-0.01113893,-0.07302546,0.9960365,0.05078159,0.01483637,-0.04982698,0.9986478
356,0.9971798,0.07417791,-0.01140173,-0.07349735,0.9959603,0.05158664,0.01518226,-0.05060316,0.9986034
361,0.9970449,0.07594268,-0.01158079,-0.07526757,0.9958834,0.0505074,0.01536878,-0.04948648,0.9986566
366,0.9969853,0.07693549,-0.01006086,-0.07634625,0.9958438,0.04966272,0.01383987,-0.04874489,0.9987153
371,0.99734,0.07224246,-0.009715647,-0.07166298,0.9961448,0.0505994,0.01333361,-0.04976854,0.9986719
376,0.9974945,0.07020058,-0.008777174,-0.06968732,0.9963544,0.04921239,0.01219991,-0.04847742,0.9987499
381,0.997335,0.0724969,-0.008215589,-0.07202263,0.9962483,0.04798416,0.01166347,-0.04726456,0.9988145
386,0.9972653,0.07351802,-0.007560556,-0.07306774,0.9961464,0.04851341,0.01109803,-0.04782831,0.998794
391,0.9971831,0.07471657,-0.006586646,-0.07430375,0.9960175,0.04927618,0.01024216,-0.04864797,0.9987635
396,0.997174,0.07484419,-0.006524231,-0.074418,0.9959294,0.05086134,0.01030435,-0.05023208,0.9986845
401,0.9971698,0.07490878,-0.006411416,-0.07447443,0.9958557,0.05220041,0.01029511,-0.05157519,0.998616
406,0.9973777,0.07206189,-0.00670754,-0.07159161,0.9959431,0.054517,0.01060893,-0.05389383,0.9984904
411,0.9974387,0.07121145,-0.006715673,-0.07073746,0.9959808,0.05494114,0.01060112,-0.05432537,0.998467
416,0.9974836,0.07054882,-0.007034588,-0.07005706,0.9960218,0.05507029,0.01089175,-0.05443889,0.9984578
421,0.9976556,0.0681558,-0.006207097,-0.06770144,0.9961222,0.0561921,0.01001284,-0.05564012,0.9984009
426,0.9979045,0.06438676,-0.006378325,-0.063911,0.9962716,0.05794975,0.01008574,-0.05742068,0.9982991
431,0.9980249,0.06254391,-0.005874959,-0.062098,0.9963734,0.0581703,0.009491852,-0.05769058,0.9982893
437,0.9981379,0.06066951,-0.006355172,-0.0601983,0.9964861,0.05824011,0.009866239,-0.05774907,0.9982826
442,0.9983627,0.0569324,-0.005566423,-0.05649971,0.9966146,0.05972752,0.008948009,-0.05931522,0.9981993
447,0.9983813,0.05661969,-0.005409823,-0.05620223,0.9966681,0.0591112,0.008738656,-0.05871147,0.9982368
452,0.9983588,0.05699167,-0.00564988,-0.05656161,0.9966618,0.05887526,0.008986418,-0.05845906,0.9982495
457,0.9983011,0.05815216,-0.003667763,-0.05783778,0.9966024,0.05863871,0.007065269,-0.05832695,0.9982726
462,0.9982998,0.05824042,-0.002421415,-0.05799419,0.9965485,0.0593967,0.005872346,-0.05915528,0.9982316
467,0.9982015,0.05992334,-0.001660799,-0.05972306,0.9964907,0.05864491,0.005169169,-0.05844025,0.9982774
472,0.998281,0.05858586,-0.001748663,-0.05838051,0.9965453,0.05907288,0.005203457,-0.05886924,0.9982523
477,0.998458,0.05548076,-0.001893197,-0.05527073,0.9967043,0.05937698,0.005181237,-0.05918078,0.9982339
482,0.99849,0.05491479,-0.001360644,-0.05473736,0.9967347,0.05936008,0.004615947,-0.05919597,0.9982356
487,0.9984822,0.05504915,-0.001804093,-0.05484888,0.9967713,0.05864121,0.005026417,-0.05845324,0.9982777
492,0.9984198,0.05618514,-0.001082849,-0.05603204,0.9967984,0.05703782,0.004284059,-0.05688701,0.9983714
497,0.9983768,0.05695454,-0.0002847708,-0.05684783,0.9967883,0.05640618,0.003496444,-0.05629842,0.998408
502,0.9983115,0.05808401,0.0007201608,-0.05803249,0.9967285,0.05625528,0.002549727,-0.05620208,0.9984162
507,0.9982431,0.05924945,0.0005070899,-0.05918426,0.9966637,0.05620195,0.002824536,-0.05613321,0.9984193
512,0.9981034,0.06155391,0.000900572,-0.06151028,0.9965917,0.05497034,0.002486136,-0.05492147,0.9984877
517,0.99805,0.0624212,0.0004400653,-0.06235056,0.9965319,0.05510791,0.003001362,-0.05502787,0.9984804
522,0.9980232,0.06284457,0.0005546219,-0.06278136,0.9965384,0.05449469,0.002871994,-0.05442178,0.9985139
527,0.9979576,0.0638782,0.0005716709,-0.0638208,0.9965934,0.0522368,0.002767069,-0.05216659,0.9986346
532,0.9980001,0.06320959,0.0005143774,-0.06314823,0.9966006,0.05290936,0.002831751,-0.05283603,0.9985991
537,0.9978474,0.06556424,0.001391114,-0.06554846,0.9965111,0.05166232,0.00200094,-0.05164229,0.9986637
542,0.9976419,0.06857356,0.002927494,-0.06863428,0.9964054,0.04965782,0.000488243,-0.04974164,0.9987621
547,0.9976192,0.06885083,0.003984313,-0.068964,0.9963662,0.04998671,-0.0005282077,-0.05014247,0.998742
552,0.9977338,0.0671256,0.004619059,-0.06727513,0.9963794,0.05198076,-0.001113096,-0.05217371,0.9986373
557,0.9976719,0.06794837,0.005806216,-0.06815909,0.996312,0.0521227,-0.00224315,-0.0523971,0.9986238
562,0.9975511,0.06955311,0.007371536,-0.06984331,0.9962016,0.05200369,-0.003726517,-0.05239119,0.9986197
567,0.9976395,0.06819461,0.008059952,-0.06852153,0.9963071,0.0517395,-0.004501834,-0.05216965,0.9986281
572,0.9977092,0.06707983,0.008752923,-0.06744269,0.9963976,0.05141404,-0.005272545,-0.05188658,0.998639
577,0.9979082,0.06394454,0.009518305,-0.0643613,0.9965159,0.05304733,-0.006093053,-0.05354897,0.9985468
582,0.998032,0.06184854,0.01033613,-0.06231619,0.9966139,0.05364116,-0.006983506,-0.0541797,0.9985068
587,0.9981373,0.05992448,0.01146037,-0.06046009,0.9967002,0.05416369,-0.008176824,-0.05475568,0.9984664
592,0.9981845,0.05885831,0.01279712,-0.05945604,0.9968312,0.05284801,-0.009646018,-0.05351293,0.9985207
598,0.9983553,0.05572655,0.0134654,-0.0563713,0.9969745,0.0535178,-0.0104423,-0.05418884,0.9984761
603,0.998391,0.0553175,0.01246092,-0.05592366,0.9969116,0.05513354,-0.009372592,-0.05574169,0.9984012
608,0.9984161,0.05489128,0.01234057,-0.05549593,0.9969082,0.05562709,-0.009248973,-0.05622383,0.9983754
613,0.9984457,0.05455415,0.01140575,-0.05510396,0.9969487,0.05528964,-0.008354667,-0.0558322,0.9984053
618,0.9984523,0.05429585,0.01205341,-0.05487655,0.9969959,0.05466372,-0.009049187,-0.05524056,0.9984322
623,0.9983692,0.05562628,0.01282657,-0.05622772,0.9970303,0.05262083,-0.009861375,-0.05325623,0.9985321
628,0.9982344,0.0580949,0.01237356,-0.05863971,0.9970508,0.04950964,-0.009460811,-0.0501478,0.998697
633,0.9982124,0.05845952,0.01243999,-0.05900602,0.9970355,0.04938347,-0.009516181,-0.05002922,0.9987025
638,0.9981403,0.0596826,0.01240028,-0.06022276,0.9969779,0.04907373,-0.009433959,-0.04972925,0.9987181
643,0.9980475,0.06114012,0.0127777,-0.06168941,0.9969281,0.04826031,-0.009787805,-0.04895433,0.9987532
648,0.9980794,0.06065249,0.01260517,-0.061201,0.996922,0.0490004,-0.009594369,-0.04967774,0.9987193
653,0.9981176,0.05990732,0.01313986,-0.06048439,0.9969604,0.04911069,-0.01015783,-0.049813,0.9987071
658,0.9982721,0.05735171,0.01278943,-0.0579206,0.997081,0.04974591,-0.009899087,-0.05040072,0.9986801
663,0.9984057,0.05490932,0.01307798,-0.05548943,0.9972492,0.04914229,-0.01034363,-0.04978963,0.9987062
668,0.9985833,0.05154761,0.01319223,-0.05214329,0.9974017,0.04970688,-0.01059568,-0.05032435,0.9986766
673,0.9987199,0.04879702,0.0133173,-0.04940702,0.997519,0.05014705,-0.01083723,-0.05074083,0.998653
678,0.9987091,0.04918069,0.01270757,-0.04975569,0.9975194,0.04979416,-0.01022713,-0.05036215,0.9986787
683,0.9987153,0.04898914,0.01295592,-0.04958066,0.9975101,0.05015486,-0.01046661,-0.05073279,0.9986575
688,0.9986734,0.04985028,0.01289851,-0.05043021,0.9975041,0.04942081,-0.01040267,-0.05000572,0.9986948
693,0.9986441,0.05059945,0.01224097,-0.05114396,0.9974763,0.04925013,-0.009718043,-0.0498094,0.9987115
698,0.9985755,0.0520141,0.011892,-0.05253332,0.9974368,0.04858017,-0.009334666,-0.04913569,0.9987485
703,0.9985324,0.05273904,0.01231901,-0.05327173,0.9974309,0.04789374,-0.009761488,-0.0484797,0.9987766
708,0.9985794,0.05188583,0.0121346,-0.05241765,0.9974404,0.04863546,-0.009580046,-0.04920243,0.9987431
713,0.9985458,0.05242642,0.01256367,-0.05297432,0.9974322,0.04819393,-0.01000478,-0.04878939,0.998759
718,0.998374,0.05560845,0.01253176,-0.05613421,0.9973413,0.04646914,-0.009914365,-0.04709705,0.9988411
723,0.9982495,0.05766404,0.01314292,-0.05822127,0.9972001,0.04692748,-0.01040009,-0.04761053,0.9988118
728,0.9980562,0.06089563,0.0132611,-0.06144851,0.9970362,0.04629422,-0.01040267,-0.0470191,0.9988399
733,0.9979602,0.06234369,0.01374899,-0.06292702,0.9969051,0.04712564,-0.01076845,-0.04789469,0.9987945
738,0.998067,0.06042337,0.014543,-0.06106434,0.9969482,0.04863718,-0.01155979,-0.04943122,0.9987108
743,0.9980993,0.06015318,0.01341055,-0.06072931,0.9970112,0.04775942,-0.01049759,-0.04848304,0.998769
748,0.9981279,0.05967281,0.01341967,-0.06023572,0.9971043,0.04641947,-0.01061083,-0.0471409,0.998832
753,0.9981683,0.05921177,0.01241243,-0.05972154,0.9971648,0.04578081,-0.009666473,-0.04643824,0.9988745
760,0.9981627,0.0594095,0.01191244,-0.05989093,0.9971791,0.0452459,-0.009190802,-0.04587621,0.9989049
765,0.9981053,0.06039404,0.01177751,-0.06085781,0.9971725,0.04408548,-0.00908171,-0.04471869,0.9989585
770,0.9980391,0.06142613,0.01204081,-0.06189946,0.9971144,0.04395054,-0.009306351,-0.04460967,0.9989613
775,0.9979886,0.0622778,0.01184387,-0.06274984,0.9970203,0.04486644,-0.009014397,-0.0455194,0.9989228
780,0.9980755,0.06093399,0.01150919,-0.06140975,0.9970104,0.04689715,-0.00861715,-0.04751367,0.9988335
785,0.998086,0.06067985,0.01193225,-0.06117644,0.9970224,0.04694652,-0.009048011,-0.04758664,0.9988262
790,0.9979999,0.06207712,0.01193265,-0.06258038,0.9968919,0.04785423,-0.008924913,-0.04850528,0.9987829
795,0.997795,0.0652476,0.01216198,-0.06574997,0.9967325,0.04691592,-0.00906109,-0.04761212,0.9988248
800,0.9976078,0.06805386,0.01214806,-0.06854755,0.9965706,0.04635189,-0.008951975,-0.04707372,0.9988515
805,0.9975389,0.06909966,0.01189856,-0.06957311,0.9965388,0.04550045,-0.008713312,-0.04621629,0.9988936
810,0.9976951,0.06691801,0.01125712,-0.06736877,0.9966635,0.04608275,-0.008135794,-0.04673491,0.9988743
815,0.9978216,0.06503326,0.01108757,-0.06547718,0.9967945,0.0459756,-0.008062088,-0.04660142,0.9988812
820,0.997988,0.06247743,0.01080187,-0.06291518,0.996933,0.04654628,-0.007860647,-0.04713223,0.9988579
825,0.9982336,0.05852186,0.01025354,-0.05894643,0.997122,0.04767868,-0.007433788,-0.04819886,0.9988102
830,0.9983262,0.05686751,0.01053328,-0.05731121,0.9971938,0.04816684,-0.007764593,-0.0486899,0.9987838
835,0.9983045,0.0573023,0.01023333,-0.05772959,0.9971782,0.04799038,-0.007454497,-0.04849978,0.9987954
840,0.9982435,0.05826906,0.01072327,-0.05871307,0.9971567,0.04723925,-0.007940196,-0.04778586,0.9988261
845,0.9982502,0.05821589,0.01036122,-0.05864414,0.9971514,0.04743317,-0.007570336,-0.0479578,0.9988207
850,0.9984428,0.05494054,0.009664552,-0.05533709,0.9973532,0.04716186,-0.007047875,-0.04762323,0.9988404
855,0.9985639,0.05268203,0.009743188,-0.05308751,0.9974579,0.0475365,-0.007214098,-0.04798547,0.998822
860,0.9985577,0.05287636,0.009314124,-0.05325945,0.9974598,0.04730321,-0.006789241,-0.04773105,0.9988372
865,0.9984432,0.05509281,0.008705631,-0.05543323,0.997426,0.04548065,-0.006177566,-0.04589243,0.9989272
870,0.9982696,0.05814791,0.008768409,-0.0584737,0.9973562,0.04314811,-0.006236254,-0.04358616,0.9990304
875,0.9981068,0.06089959,0.008607556,-0.0612085,0.9972442,0.04192245,-0.006030776,-0.04236994,0.9990838
880,0.9979156,0.06395359,0.00861688,-0.06424998,0.9971237,0.04020226,-0.006021016,-0.0406721,0.9991544
885,0.9978657,0.06474874,0.008461876,-0.06504034,0.9970576,0.04057117,-0.005810045,-0.04103494,0.9991409
890,0.9978251,0.06535453,0.008598135,-0.06565155,0.9970154,0.0406251,-0.005917437,-0.04110123,0.9991375
895,0.9977816,0.06595615,0.009025299,-0.06626783,0.99699,0.04024224,-0.00634391,-0.04075105,0.9991491
900,0.9976321,0.06821962,0.008740842,-0.06851351,0.9968675,0.03951095,-0.00601804,-0.04001625,0.999181
905,0.9976017,0.06863917,0.008911209,-0.06894664,0.9967913,0.04066359,-0.006091501,-0.04118047,0.9991332
910,0.9975481,0.06943289,0.008765717,-0.06973734,0.9967111,0.04127647,-0.005870942,-0.04178657,0.9991093
915,0.9973747,0.07187269,0.008837592,-0.07217156,0.9965831,0.04016622,-0.005920541,-0.04069859,0.9991539
921,0.9972612,0.07346497,0.0085467,-0.07374803,0.9964871,0.03968307,-0.00560136,-0.04020469,0.9991758
926,0.9973806,0.07181836,0.008618124,-0.07210278,0.9966268,0.03919699,-0.005773989,-0.0397157,0.9991944
931,0.997524,0.06988388,0.007902638,-0.07014059,0.9967728,0.03904635,-0.005148423,-0.03950396,0.9992063
936,0.997544,0.06957605,0.008079681,-0.06983996,0.996794,0.03904135,-0.005337433,-0.03950975,0.999205
941,0.9975199,0.06994817,0.007825789,-0.07019933,0.9967874,0.03856069,-0.005103398,-0.03901443,0.9992256
946,0.9975533,0.06953125,0.007283567,-0.0697636,0.9968007,0.03900845,-0.004547957,-0.03942113,0.9992124
951,0.9975749,0.06922642,0.007231433,-0.06945889,0.9968051,0.03943848,-0.004478144,-0.03984512,0.9991959
956,0.9976523,0.06805728,0.007618184,-0.06831226,0.996833,0.04071064,-0.004823402,-0.04113548,0.9991419
961,0.9978219,0.06556564,0.0072541,-0.06580667,0.9970108,0.04048569,-0.004577945,-0.04087488,0.9991539
966,0.9979611,0.06343848,0.00701822,-0.0636703,0.9971612,0.04019471,-0.004448406,-0.04055961,0.9991672
971,0.998109,0.06113451,0.00642267,-0.06134415,0.9973062,0.04021996,-0.003946539,-0.04053789,0.9991704
976,0.9980742,0.06167942,0.006611003,-0.06189546,0.9972798,0.04002933,-0.004124032,-0.04036143,0.9991768
981,0.9980008,0.06282828,0.006863236,-0.06305983,0.9971473,0.04148281,-0.004237363,-0.04183267,0.9991157
986,0.9980376,0.0622139,0.007098402,-0.06245634,0.9971804,0.04159953,-0.004490318,-0.04196124,0.9991092
991,0.9980165,0.06258384,0.006814363,-0.06281586,0.9971396,0.04203418,-0.004164211,-0.04237885,0.999093
996,0.9979426,0.06373796,0.006923138,-0.06397662,0.9970348,0.04276,-0.004177175,-0.04311495,0.9990613
1001,0.9977878,0.06611528,0.0069599,-0.06635158,0.9968984,0.04232485,-0.004139993,-0.04269302,0.9990798
1006,0.9976799,0.0676918,0.007256039,-0.06794167,0.9967682,0.04285953,-0.004331351,-0.04325308,0.9990547
1011,0.9977572,0.06653167,0.007363442,-0.0667886,0.996833,0.04316514,-0.004468273,-0.04356012,0.9990408
1016,0.9979402,0.06379614,0.006758449,-0.06403728,0.9969233,0.04520614,-0.003853676,-0.04554582,0.998955
1021,0.9979445,0.06374013,0.006668912,-0.06397402,0.9969656,0.04435536,-0.003821458,-0.04469081,0.9989938
1026,0.9979943,0.06302264,0.005983542,-0.06322688,0.9970095,0.04443917,-0.003164974,-0.04472835,0.9989944
1031,0.9979423,0.06381173,0.006267157,-0.06402363,0.9970126,0.04320783,-0.003491268,-0.04352017,0.9990464
1036,0.9979177,0.06417471,0.006493572,-0.06439314,0.9970233,0.04240641,-0.003752823,-0.04273625,0.9990795
1041,0.9979507,0.0636183,0.00685374,-0.06385334,0.9970505,0.04257965,-0.00412468,-0.04293003,0.9990696
1046,0.9979779,0.06311551,0.007523908,-0.06338117,0.9970685,0.042865,-0.004796404,-0.0432552,0.9990526
1051,0.9979551,0.0634105,0.008061943,-0.06369613,0.9970727,0.04229768,-0.005356225,-0.0427247,0.9990727
1056,0.9979403,0.06365801,0.007935403,-0.06393643,0.99707,0.04199576,-0.005238785,-0.04241662,0.9990863
1061,0.9979616,0.0632857,0.008236567,-0.06357787,0.9970883,0.04210961,-0.005547647,-0.04254743,0.9990792
1066,0.9980563,0.06168019,0.008913399,-0.06201047,0.9971327,0.04337468,-0.006212481,-0.04384309,0.9990192
1071,0.9980389,0.06185233,0.009617219,-0.06220598,0.9971659,0.04231498,-0.006972683,-0.04283025,0.999058
1076,0.9980499,0.06167074,0.009661229,-0.06202342,0.9971954,0.04188751,-0.007050899,-0.04240505,0.9990757
1082,0.9979731,0.06289531,0.009699749,-0.06323771,0.9971824,0.04035538,-0.007134253,-0.04088697,0.9991384
1087,0.9978394,0.06497357,0.009755145,-0.06530603,0.9971076,0.03888054,-0.007200721,-0.0394336,0.9991964
1092,0.9976782,0.0673473,0.01013447,-0.06768547,0.9969874,0.037881,-0.007552752,-0.038479,0.9992309
1097,0.9975887,0.06861965,0.01040663,-0.06896824,0.9968955,0.03798712,-0.007767658,-0.03861324,0.9992241
1102,0.997594,0.06855866,0.010311,-0.0689097,0.9968688,0.03878511,-0.007619657,-0.03940231,0.9991946
1107,0.9975883,0.0686871,0.01000423,-0.06902515,0.9968652,0.03867308,-0.007316529,-0.03927035,0.999202
1112,0.9975508,0.06924032,0.009913373,-0.06956598,0.9968718,0.03751303,-0.007284948,-0.03811079,0.999247
1117,0.9975684,0.06907403,0.009270671,-0.06936978,0.9969164,0.03668205,-0.006708306,-0.03723596,0.999284
1122,0.9976015,0.06872582,0.008246073,-0.068987,0.9969212,0.0372684,-0.005659384,-0.03774788,0.9992713
1127,0.9976575,0.06800739,0.007413915,-0.06824283,0.9969321,0.0383372,-0.004783955,-0.03875334,0.9992375
1132,0.9976841,0.06764566,0.00712261,-0.06787287,0.9969331,0.03895862,-0.004465384,-0.03935182,0.9992155
1137,0.9976788,0.0677063,0.007279939,-0.06793595,0.9969597,0.03815985,-0.004674144,-0.03856584,0.9992452
1142,0.9978844,0.06466446,0.006717962,-0.06488063,0.9971073,0.03959014,-0.004138454,-0.03994225,0.9991934
1147,0.9979647,0.06337892,0.007058688,-0.06360967,0.9971897,0.03958358,-0.004530086,-0.03995201,0.9991915
1152,0.9980875,0.0613551,0.007529174,-0.06160989,0.997286,0.04030698,-0.005035702,-0.04069377,0.9991589
1157,0.9981496,0.06038767,0.007136028,-0.06062616,0.9973558,0.04007738,-0.004696978,-0.04043585,0.9991712
1162,0.998181,0.05990632,0.006773102,-0.06013244,0.9973677,0.04051708,-0.004328044,-0.04085066,0.9991558
1167,0.9980923,0.06137206,0.006730653,-0.06159368,0.9972935,0.04014865,-0.004248431,-0.04048662,0.9991711
1172,0.9981114,0.06106381,0.006702625,-0.06128994,0.9972598,0.04143156,-0.004154289,-0.04176411,0.999119
1177,0.9980753,0.06167946,0.00642175,-0.06189476,0.9972067,0.04180549,-0.003825273,-0.04212251,0.9991051
1182,0.9980948,0.06137602,0.006306502,-0.06158834,0.9972076,0.04223702,-0.003696551,-0.04254496,0.9990877
1187,0.9981674,0.06022195,0.005943451,-0.06042297,0.9972392,0.0431653,-0.003327543,-0.04344531,0.9990503
1192,0.9981931,0.05979621,0.005930627,-0.05999666,0.9972701,0.04304497,-0.003340511,-0.04332301,0.9990556
1197,0.9982064,0.0596263,0.005370491,-0.05980202,0.9972916,0.04281834,-0.002802846,-0.0430627,0.9990685
1202,0.9981753,0.06018669,0.004875917,-0.06033923,0.9972847,0.04222188,-0.002321481,-0.04243904,0.9990965
1207,0.9982917,0.05824071,0.004648107,-0.05838508,0.9974055,0.04211003,-0.00218353,-0.04230947,0.9991021
1212,0.9983231,0.05768795,0.004810599,-0.05783894,0.9974505,0.04180035,-0.002386958,-0.04200849,0.9991145
1217,0.9983112,0.05786506,0.005177054,-0.05803094,0.997445,0.04166853,-0.002752673,-0.04189858,0.9991183
1222,0.9982126,0.05950535,0.005542773,-0.05968151,0.9973958,0.04049436,-0.003118708,-0.04075278,0.9991643
1227,0.9981353,0.06078517,0.005557497,-0.06095973,0.9973333,0.04012435,-0.003103713,-0.04038831,0.9991791
1232,0.9981863,0.05993056,0.005710635,-0.06011058,0.9974023,0.03969509,-0.00331685,-0.03996636,0.9991956
1237,0.9982828,0.05827897,0.00592895,-0.05846988,0.9974901,0.03993619,-0.003586629,-0.04021427,0.9991847
1243,0.9983813,0.05657356,0.005846038,-0.05676404,0.9975711,0.04037061,-0.003547929,-0.04063711,0.9991677
1248,0.9984639,0.05511097,0.00570781,-0.05529873,0.9976332,0.04086546,-0.003442166,-0.04111832,0.9991483
1253,0.9984675,0.05505215,0.005638862,-0.05523631,0.9976465,0.04062356,-0.003389176,-0.04087278,0.9991586
1258,0.9983467,0.05718381,0.005797307,-0.05737181,0.9975362,0.04037023,-0.003474501,-0.04063609,0.9991679
1263,0.9982514,0.05883014,0.005776809,-0.05901679,0.9974307,0.04061129,-0.003372798,-0.04088121,0.9991584
1268,0.9982045,0.05962528,0.005711871,-0.0598064,0.9974106,0.03993993,-0.003315651,-0.04020983,0.9991857
1273,0.9982682,0.05859726,0.005228255,-0.05876224,0.9974376,0.04081116,-0.002823436,-0.0410477,0.9991534
1278,0.9982696,0.05860375,0.004854945,-0.05875284,0.9974476,0.04057692,-0.002464593,-0.04079194,0.9991647
1283,0.998313,0.05787571,0.004667731,-0.05801862,0.9974753,0.04095013,-0.002285929,-0.04115186,0.9991503
1288,0.9983228,0.05768943,0.004845228,-0.05783964,0.9974884,0.04088441,-0.00247446,-0.04109609,0.9991521
1293,0.9982752,0.05847427,0.005220233,-0.05863851,0.9974521,0.04062747,-0.002831271,-0.04086351,0.9991606
1298,0.9982097,0.05957118,0.005350126,-0.05973838,0.9974069,0.04013395,-0.002945426,-0.04038171,0.99918
1303,0.9981762,0.06011463,0.005551415,-0.06029026,0.9973643,0.0403704,-0.00310993,-0.04063147,0.9991695
1308,0.998194,0.05980666,0.00562632,-0.05998771,0.997355,0.04103999,-0.003156974,-0.04130339,0.9991416
1313,0.9982302,0.05919462,0.005691075,-0.05938064,0.9973686,0.04158876,-0.003214269,-0.04185309,0.9991186
1318,0.9981991,0.05967162,0.006151994,-0.05987935,0.997306,0.04236775,-0.003607269,-0.04265983,0.9990831
1323,0.9981998,0.0596711,0.006055451,-0.05987771,0.9972695,0.04322456,-0.003459659,-0.04350933,0.9990471
1328,0.9982072,0.05954709,0.00607096,-0.0597566,0.9972502,0.04383437,-0.003444057,-0.04411855,0.9990205
1333,0.9982105,0.05948417,0.006136057,-0.05969724,0.9972457,0.04401557,-0.003500926,-0.0443031,0.9990121
1338,0.9982285,0.0591786,0.00613838,-0.05939315,0.9972503,0.04432137,-0.003498624,-0.04460744,0.9989985
1343,0.9983291,0.05739749,0.006656774,-0.05763812,0.99734,0.04461539,-0.004078256,-0.04492453,0.998982
1348,0.9983402,0.05714566,0.007172466,-0.05740511,0.9973974,0.04362557,-0.004660787,-0.0439649,0.9990223
1353,0.9983687,0.05659055,0.00757201,-0.05686526,0.9974525,0.04306724,-0.005115522,-0.04342757,0.9990435
1358,0.9983715,0.05652636,0.007685543,-0.05680475,0.9974666,0.04281896,-0.005245672,-0.04318581,0.9990532
1363,0.9983607,0.05678047,0.007215142,-0.05704042,0.9974343,0.04325973,-0.004740322,-0.04360037,0.9990379
1368,0.9983665,0.05665281,0.007407573,-0.05692335,0.9974225,0.0436816,-0.004913795,-0.0440319,0.9990181
1373,0.9983496,0.0569584,0.007354944,-0.05722662,0.9974026,0.04374297,-0.00484431,-0.04409167,0.9990159
1378,0.9983856,0.05635303,0.007109683,-0.05661304,0.9974183,0.04417909,-0.004601702,-0.04451026,0.9989983
1383,0.9983569,0.05683978,0.007279182,-0.05710274,0.9974282,0.04331867,-0.004798237,-0.04366314,0.9990349
1388,0.9983491,0.05696126,0.0073882,-0.05722616,0.9974449,0.04276618,-0.004933306,-0.04311837,0.9990578
1393,0.9983484,0.05695995,0.007501523,-0.05722818,0.997458,0.04245797,-0.00506405,-0.04281714,0.9990702
1398,0.9983438,0.05701653,0.007676853,-0.05729058,0.9974676,0.04214644,-0.005254367,-0.04251645,0.999082
1405,0.9983495,0.05689221,0.007848622,-0.05717198,0.9974874,0.04183703,-0.005448701,-0.04221669,0.9990936
1410,0.9983687,0.05645126,0.00856653,-0.05676049,0.9975194,0.04163527,-0.006194916,-0.04205359,0.9990963
1415,0.9984186,0.05553325,0.008733953,-0.05585108,0.9975656,0.04175648,-0.006393818,-0.04217825,0.9990897
1420,0.9984424,0.05503526,0.009150489,-0.05537102,0.9975927,0.04174576,-0.006830973,-0.04218742,0.9990863
1425,0.998484,0.05430549,0.00896717,-0.05463785,0.9976096,0.04230305,-0.006648448,-0.04272887,0.9990645
1430,0.9984539,0.05478587,0.009401393,-0.05513542,0.997588,0.04216815,-0.007068499,-0.0426213,0.9990663
1435,0.9984554,0.05478821,0.009226734,-0.05513245,0.9975751,0.04247794,-0.00687707,-0.04292102,0.9990548
1440,0.998494,0.05411883,0.008993257,-0.05445979,0.9975722,0.04340224,-0.006622545,-0.04382665,0.9990172
1445,0.9985049,0.05393787,0.008872232,-0.05427491,0.9975742,0.04358932,-0.006499595,-0.04400569,0.9990101
1450,0.9985244,0.05357013,0.008930181,-0.05391127,0.9975861,0.04377234,-0.006563733,-0.04418918,0.9990018
1455,0.9985592,0.05289608,0.009035646,-0.05324209,0.9976246,0.04371019,-0.006702084,-0.04412829,0.9990035
1460,0.9985452,0.05314174,0.009138706,-0.0534858,0.9976513,0.04279155,-0.006843225,-0.04321808,0.9990423
1465,0.9985822,0.05247504,0.008944619,-0.05281217,0.9976816,0.04292173,-0.006671562,-0.04333326,0.9990384
1470,0.9985571,0.05289575,0.0092539,-0.05324457,0.9976669,0.04272859,-0.006972149,-0.04315966,0.9990438
1475,0.9984465,0.054837,0.00987864,-0.05520351,0.9976029,0.04172641,-0.007566808,-0.04220693,0.9990803
1480,0.9984871,0.05397074,0.01052861,-0.05436431,0.9976547,0.04159091,-0.008259225,-0.04210036,0.9990794
1485,0.9985527,0.05268328,0.01081513,-0.05309259,0.9977103,0.04189496,-0.008583208,-0.04240853,0.9990634
1490,0.9985095,0.05340815,0.01124436,-0.05383053,0.9976919,0.04139146,-0.009007766,-0.04193506,0.9990798
1495,0.9984521,0.05444334,0.01137774,-0.05486705,0.997651,0.041016,-0.009117961,-0.04157677,0.9990938
1500,0.9984046,0.05536425,0.01109513,-0.05577657,0.9975953,0.04114195,-0.008790657,-0.04169517,0.9990917
1505,0.9984346,0.05488355,0.01077147,-0.05528027,0.9976349,0.04084743,-0.008504146,-0.04137894,0.9991072
1510,0.9984756,0.05422316,0.01032759,-0.05460119,0.9976768,0.04074124,-0.008094474,-0.04124302,0.9991165
1515,0.9984573,0.05459379,0.01014536,-0.0549621,0.9976668,0.0405004,-0.00791062,-0.04099552,0.9991282
1520,0.9984243,0.05527778,0.009650715,-0.05561992,0.9976592,0.03977884,-0.007429239,-0.04025294,0.9991618
1525,0.9984236,0.05534647,0.009338517,-0.05567387,0.9976681,0.03948229,-0.007131535,-0.03993996,0.9991767
1530,0.9984313,0.05522868,0.009205725,-0.05554876,0.9976869,0.03918156,-0.007020485,-0.03963146,0.9991897
1535,0.9984512,0.05486193,0.009250938,-0.05518191,0.9977193,0.0388758,-0.007097037,-0.03932608,0.9992013
1540,0.9984888,0.05419464,0.009114327,-0.05450936,0.9977583,0.03882165,-0.00698997,-0.0392598,0.9992046
1545,0.9985001,0.05401369,0.008937658,-0.05432414,0.9977538,0.03919329,-0.006800609,-0.03962004,0.9991916
1550,0.9984444,0.05505295,0.008837843,-0.05535907,0.9976947,0.03925363,-0.006656441,-0.03968182,0.9991903
1555,0.9983757,0.05627258,0.008907231,-0.05657681,0.997648,0.03869725,-0.006708687,-0.03913834,0.9992113
1560,0.9984002,0.05584412,0.008856714,-0.05615118,0.9976456,0.03937159,-0.00663719,-0.03980592,0.9991853
1566,0.9984016,0.05584599,0.008683917,-0.05614857,0.9976311,0.03974245,-0.006443889,-0.04016652,0.9991722
1571,0.9983948,0.05596631,0.008694843,-0.05627119,0.9976121,0.04004661,-0.00643282,-0.04047159,0.99916
1576,0.998375,0.0563342,0.008580137,-0.05663416,0.9975914,0.04004828,-0.006303384,-0.04046913,0.9991608
1581,0.9983478,0.05682496,0.008525694,-0.05712157,0.9975685,0.03992696,-0.006236115,-0.040348,0.9991662
1586,0.9983448,0.05688651,0.00846937,-0.05718157,0.9975602,0.04005032,-0.006170383,-0.04046832,0.9991618
1591,0.9983714,0.05646443,0.008167908,-0.05675019,0.9975673,0.04048771,-0.005861921,-0.0408853,0.9991468
1596,0.998361,0.05664827,0.008164696,-0.05693232,0.9975668,0.04024306,-0.005865129,-0.04064193,0.9991567
1601,0.9983699,0.05646211,0.008342308,-0.05675313,0.9975796,0.04017775,-0.006053595,-0.0405857,0.9991578
1606,0.998405,0.0557836,0.0086912,-0.05608848,0.9976223,0.04004751,-0.006436541,-0.04047111,0.9991599
1611,0.9984496,0.05492439,0.009035171,-0.05524258,0.9976771,0.03985869,-0.006824969,-0.04029602,0.9991645
1616,0.9984345,0.05509539,0.009645422,-0.05543701,0.9976718,0.03971888,-0.007434639,-0.04019141,0.9991643
1621,0.9984185,0.05526453,0.01032,-0.05563299,0.9976618,0.03969916,-0.008101918,-0.0402105,0.9991585
1626,0.9984923,0.05378505,0.01098011,-0.054187,0.997715,0.04035971,-0.008784268,-0.04089383,0.9991251
1631,0.9984805,0.05396551,0.01116021,-0.05437245,0.9977149,0.0401098,-0.008970158,-0.04065566,0.9991331
1636,0.9984327,0.05474936,0.01159964,-0.05517227,0.9976764,0.0399712,-0.00938429,-0.04054853,0.9991334
1641,0.9983984,0.05529243,0.01196642,-0.05572611,0.9976608,0.03959176,-0.009749299,-0.04019519,0.9991443
1646,0.9984012,0.05523149,0.01202118,-0.0556656,0.9976714,0.0394076,-0.009816646,-0.04001376,0.9991509
1651,0.9984188,0.0549262,0.01196257,-0.05536121,0.9976763,0.03971605,-0.009753316,-0.04031552,0.9991395
1656,0.9984595,0.05412699,0.0122008,-0.05457584,0.9977049,0.04008025,-0.01000337,-0.04068437,0.999122
1661,0.9984775,0.05376024,0.01235977,-0.05420958,0.9977494,0.03946697,-0.0102102,-0.04007689,0.9991445
1666,0.998521,0.05290458,0.01252282,-0.05335982,0.9977998,0.03934588,-0.01041369,-0.0399559,0.9991471
1671,0.9985663,0.05205215,0.01250457,-0.0525067,0.9978475,0.03929072,-0.01043249,-0.03989095,0.9991497
1676,0.9985301,0.05272351,0.01256904,-0.05317625,0.9978265,0.03891881,-0.01048978,-0.03952998,0.9991634
1681,0.9984801,0.05370508,0.01239183,-0.05414508,0.9977934,0.0384295,-0.01030062,-0.03904204,0.9991846
1686,0.9984574,0.05413225,0.01234061,-0.05457057,0.9977677,0.03848926,-0.01022956,-0.03910332,0.9991827
1691,0.9984755,0.05389465,0.01191881,-0.05432037,0.9977668,0.03886828,-0.009797397,-0.03945646,0.9991733
1696,0.9984708,0.05408937,0.0114245,-0.05449216,0.9977711,0.03851473,-0.009315796,-0.03907837,0.9991928
1701,0.9985059,0.05355342,0.01085851,-0.0539325,0.9978102,0.0382892,-0.008784211,-0.03881762,0.9992077
1706,0.9985623,0.05258412,0.010419,-0.05294899,0.997853,0.03854902,-0.008369558,-0.03904526,0.9992025
1711,0.9986082,0.05180143,0.009917383,-0.0521479,0.9978921,0.03862729,-0.007895529,-0.0390907,0.9992046
1716,0.9986488,0.05107571,0.009601431,-0.05141137,0.9979252,0.03876108,-0.007601759,-0.03920232,0.9992025
1721,0.9986783,0.05053004,0.009412455,-0.0508601,0.997946,0.03895153,-0.007424898,-0.03937876,0.9991969
1727,0.9986658,0.05077628,0.009404825,-0.05110223,0.9979525,0.03846259,-0.007432582,-0.03889187,0.9992158
1732,0.9986407,0.05133605,0.009027448,-0.05164095,0.9979571,0.03761578,-0.007077959,-0.03803083,0.9992515
1737,0.9986449,0.05127832,0.00889152,-0.0515747,0.9979787,0.03713042,-0.006969562,-0.03753868,0.999271
1742,0.9986148,0.05189513,0.008697669,-0.05217805,0.9979787,0.03627873,-0.006797398,-0.0366823,0.999304
1747,0.9985754,0.05262779,0.008812051,-0.05290892,0.997969,0.03547942,-0.00692695,-0.03589511,0.9993317
1752,0.9985517,0.05305502,0.008925435,-0.05333563,0.9979678,0.03486442,-0.007057564,-0.03528997,0.9993522
1757,0.9985474,0.05311499,0.009042028,-0.0533979,0.9979731,0.03461698,-0.00718502,-0.03504952,0.9993597
1762,0.9985643,0.05288194,0.008538547,-0.05314459,0.9980009,0.03420443,-0.00671268,-0.0346091,0.9993784
1767,0.9985542,0.05320403,0.007673492,-0.05343312,0.9980055,0.03361619,-0.00586967,-0.03397761,0.9994054
1772,0.9985437,0.05352543,0.006755386,-0.05372177,0.9979995,0.03333469,-0.004957618,-0.03364905,0.9994215
1777,0.9985546,0.05341679,0.005961933,-0.05358686,0.998004,0.03341743,-0.00416498,-0.03368861,0.9994238
1782,0.9985577,0.05342871,0.005285996,-0.05357543,0.99801,0.03325254,-0.003498836,-0.03348778,0.9994331
1787,0.9985474,0.05368316,0.004623893,-0.05380815,0.9979909,0.0334528,-0.002818751,-0.03365301,0.9994297
1792,0.998539,0.0538725,0.004206481,-0.05398394,0.9979727,0.03370773,-0.002382034,-0.03388556,0.9994229
1797,0.9985269,0.05412209,0.003847857,-0.05422151,0.9979554,0.03383898,-0.002008553,-0.03399777,0.9994199
1802,0.9985214,0.05425056,0.003478931,-0.05433709,0.9979551,0.03366575,-0.00164543,-0.03380501,0.9994272
1807,0.9985447,0.05382648,0.003346468,-0.05390859,0.9979822,0.03354804,-0.001533943,-0.03367962,0.9994316
1812,0.9985172,0.05430818,0.003714035,-0.05440192,0.9979638,0.03329314,-0.001898383,-0.03344583,0.9994386
1817,0.9984897,0.05479011,0.004079805,-0.05489511,0.9979475,0.0329771,-0.002264612,-0.03315125,0.9994479
1822,0.9985025,0.05454567,0.004184499,-0.05465309,0.9979768,0.03248659,-0.00240403,-0.03266664,0.9994634
1827,0.998513,0.05436637,0.003993548,-0.05446726,0.9979926,0.03230913,-0.002229002,-0.0324786,0.9994699
1832,0.9984996,0.05460964,0.004051823,-0.05471173,0.9979873,0.03206297,-0.002292721,-0.03223654,0.9994777
1837,0.9984965,0.05467258,0.003980125,-0.05477138,0.9979976,0.03163767,-0.002242442,-0.0318081,0.9994915
1842,0.9984735,0.0551036,0.003783681,-0.05519444,0.997997,0.03090999,-0.002072851,-0.03107165,0.999515
1847,0.9984868,0.05485914,0.003839255,-0.05495169,0.9980125,0.03084791,-0.002139335,-0.0310122,0.9995168
1852,0.9985068,0.0544935,0.003835289,-0.05458624,0.9980306,0.03090974,-0.002143355,-0.03107294,0.9995149
1857,0.9985073,0.05449638,0.003701644,-0.0545841,0.9980438,0.03048623,-0.002033013,-0.03064277,0.9995285
1862,0.998511,0.05443662,0.003566948,-0.05451943,0.9980602,0.03006193,-0.001923559,-0.03021163,0.9995418
1867,0.9985109,0.05443769,0.003553667,-0.05451916,0.9980747,0.0295741,-0.00193688,-0.0297238,0.9995563
1872,0.998537,0.05394867,0.00366684,-0.05403359,0.998103,0.02951088,-0.002067811,-0.02966584,0.9995577
1877,0.99856,0.05352237,0.003658926,-0.05360712,0.9981277,0.02945085,-0.002075796,-0.02960459,0.9995595
1882,0.9985795,0.05315711,0.00365031,-0.05324151,0.9981508,0.0293297,-0.002084478,-0.02948239,0.9995631
1888,0.9985886,0.05297159,0.003881976,-0.05306203,0.9981713,0.02895772,-0.002340941,-0.02912284,0.9995732
1893,0.9985849,0.05302998,0.003995026,-0.05312278,0.9981787,0.02858756,-0.002471752,-0.02875934,0.9995832
1898,0.9986005,0.05272289,0.004172096,-0.05282073,0.9981967,0.02852246,-0.002660786,-0.02870292,0.9995845
1903,0.9985996,0.05272032,0.004406482,-0.0528238,0.998207,0.02815011,-0.002914498,-0.02834345,0.999594
1908,0.9985879,0.05289733,0.004885817,-0.05301285,0.9982092,0.02770978,-0.003411294,-0.02792967,0.999604
1913,0.9986029,0.05258862,0.005185047,-0.05271236,0.9982272,0.0276416,-0.003722221,-0.0278763,0.9996045
1918,0.9986385,0.05184843,0.005735118,-0.05198956,0.9982534,0.02805636,-0.004270423,-0.02831633,0.9995899
1923,0.9986686,0.05123315,0.006044141,-0.05138548,0.9982712,0.02853836,-0.004571581,-0.02881094,0.9995745
1928,0.9987006,0.05062488,0.005864793,-0.05077447,0.9982881,0.02903296,-0.004384962,-0.02929302,0.9995613
1933,0.9987704,0.04936169,0.004625883,-0.04947566,0.9983524,0.02906656,-0.003183487,-0.02925968,0.9995669
1938,0.9987977,0.04888931,0.003633695,-0.04897372,0.9983869,0.02872589,-0.002223444,-0.02886931,0.9995808
1943,0.9987814,0.04926677,0.002939267,-0.04932921,0.9984016,0.02758291,-0.001575648,-0.02769429,0.9996152
1948,0.9988054,0.0487797,0.002856553,-0.04883911,0.9984423,0.02697456,-0.001536293,-0.02708185,0.9996319
1953,0.9988525,0.04780353,0.002958154,-0.04786554,0.9984978,0.02666839,-0.001678867,-0.02677938,0.9996401
1958,0.9988759,0.04731946,0.002754187,-0.04737527,0.998537,0.02606368,-0.001516838,-0.02616486,0.9996564
1963,0.9988713,0.04744949,0.002118043,-0.04748758,0.9985609,0.02491831,-0.0009326341,-0.02499077,0.9996872
1968,0.9988664,0.04758174,0.001358364,-0.04760057,0.9985848,0.02371568,-0.0002280082,-0.02375345,0.9997178
1973,0.9988666,0.04758831,0.0008441079,-0.04759523,0.9986103,0.02262933,0.000233957,-0.02264386,0.9997435
1978,0.9988866,0.04715766,0.001244803,-0.04717357,0.9986508,0.02170453,-0.0002195887,-0.02173909,0.9997636
1983,0.998931,0.04616994,0.002318366,-0.04620861,0.9987097,0.02106931,-0.001342606,-0.02115391,0.9997754
1988,0.9989928,0.04475815,0.003203757,-0.04481431,0.9987875,0.02037906,-0.002287743,-0.02050211,0.9997873
1993,0.9990675,0.04298202,0.004090579,-0.04305511,0.9988751,0.0198745,-0.003231731,-0.02003209,0.9997942
1998,0.999164,0.04053076,0.005336581,-0.04062672,0.9989879,0.01930423,-0.004548765,-0.0195049,0.9997994
2003,0.9992498,0.03814082,0.006700756,-0.0382586,0.9990978,0.01842939,-0.0059918,-0.01867193,0.9998076
2008,0.9993144,0.03611822,0.008126799,-0.0362546,0.9991925,0.01731109,-0.007494992,-0.01759385,0.9998171
2013,0.9993398,0.03482431,0.01035132,-0.03498721,0.9992597,0.01599557,-0.00978662,-0.01634718,0.9998184
2018,0.9992986,0.03518668,0.01280996,-0.03535705,0.9992859,0.01332554,-0.01233193,-0.01376911,0.9998292
2023,0.9992748,0.03543677,0.0139353,-0.0355952,0.9993026,0.01128962,-0.01352551,-0.01177746,0.9998392
2028,0.9992535,0.03562458,0.01494757,-0.03577334,0.9993119,0.009805236,-0.01458798,-0.01033264,0.9998403
2033,0.9992274,0.03537636,0.0171279,-0.03553274,0.9993289,0.008913664,-0.01680107,-0.009515378,0.9998137
2038,0.9991185,0.03715555,0.01953579,-0.03729178,0.9992822,0.006656248,-0.01927445,-0.007378905,0.999787
