Packet Number,Element 11, Element 12, Element 13, Element 21, Element 22, Element 23, Element 31, Element 32, Element 33
70,0.9988731,0.009233089,-0.04655546,-0.01308024,0.9964619,-0.08302103,0.04562421,0.08353642,0.9954597
73,0.9964131,0.06568764,-0.05334726,-0.06877743,0.9959264,-0.05830997,0.0492997,0.06176991,0.9968721
76,0.9926614,0.1054825,-0.05913408,-0.1094437,0.991643,-0.06831179,0.05143419,0.07428233,0.99591
79,0.9886531,0.1394749,-0.05578021,-0.1432209,0.9872123,-0.06999602,0.04530422,0.07719069,0.9959864
82,0.9840468,0.1691492,-0.05514203,-0.1732779,0.9814942,-0.08150986,0.04033426,0.0897644,0.995146
85,0.979103,0.1949352,-0.05794404,-0.1996204,0.9756626,-0.09074105,0.03884521,0.1004117,0.9941874
88,0.9741742,0.2176943,-0.05994614,-0.2226098,0.9704078,-0.0935588,0.03780499,0.1044872,0.9938073
91,0.9695644,0.2370771,-0.0611495,-0.2419348,0.9660481,-0.09065601,0.0375809,0.102691,0.9940031
94,0.9660872,0.2514402,-0.05876409,-0.2562852,0.9614807,-0.09936172,0.03151701,0.1110525,0.9933146
97,0.9623988,0.2646968,-0.06102467,-0.270046,0.9565984,-0.1095193,0.0293867,0.1218807,0.9921095
100,0.9587277,0.2791533,-0.05399118,-0.2834934,0.9530525,-0.1064088,0.02175205,0.1173232,0.9928557
103,0.9539214,0.2957165,-0.05085138,-0.2995969,0.9480612,-0.1068726,0.01660623,0.117183,0.9929715
106,0.9498216,0.3069528,-0.06015621,-0.3120165,0.9433138,-0.1131577,0.02201212,0.1262493,0.9917542
109,0.946214,0.3190247,-0.05387641,-0.3232927,0.9388198,-0.1187419,0.01269866,0.129773,0.9914626
112,0.9435942,0.3254307,-0.06103269,-0.3307985,0.9344897,-0.1315347,0.01422901,0.1443049,0.989431
115,0.9408021,0.3340361,-0.05754483,-0.3388332,0.9313868,-0.1330818,0.009142388,0.1447017,0.9894331
118,0.9382098,0.3411365,-0.0582101,-0.345912,0.9294644,-0.1282224,0.01036288,0.1404351,0.9900358
121,0.9357507,0.3474875,-0.06018989,-0.3524169,0.9277415,-0.1228733,0.01314371,0.1361908,0.9905953
124,0.9340814,0.3522186,-0.05860067,-0.3568759,0.9262124,-0.1215334,0.01147033,0.1344353,0.9908561
127,0.9320595,0.3575173,-0.05870802,-0.3621986,0.9234055,-0.1270213,0.008798999,0.1396554,0.9901611
130,0.9297025,0.3629143,-0.06282076,-0.3681785,0.9203304,-0.1320477,0.00989385,0.1458943,0.9892507
133,0.9272742,0.3697578,-0.05866656,-0.3743349,0.9182126,-0.1294566,0.006000773,0.1420027,0.9898481
136,0.9256771,0.3727062,-0.06490148,-0.3781343,0.9168185,-0.1282908,0.01168807,0.1432974,0.9896108
139,0.9259304,0.3718566,-0.0661487,-0.3775114,0.9166268,-0.1314552,0.01175117,0.1466903,0.9891127
142,0.9266222,0.3703701,-0.06478508,-0.3758601,0.91703,-0.1333604,0.01001718,0.1479248,0.9889478
145,0.9274364,0.3680916,-0.06610809,-0.3737009,0.9189864,-0.1257445,0.01446695,0.1413247,0.9898576
148,0.9282166,0.3665698,-0.06356655,-0.3719288,0.9184778,-0.1344154,0.009111853,0.1484088,0.9888842
151,0.9258943,0.3724771,-0.06309412,-0.3776265,0.91732,-0.1261846,0.01087659,0.1406596,0.9899984
154,0.9234673,0.3781303,-0.06500297,-0.3835103,0.914714,-0.1273496,0.0113044,0.1425325,0.9897255
157,0.9225441,0.379567,-0.06957852,-0.3857031,0.9126145,-0.1355274,0.01205666,0.1518666,0.9883274
160,0.9215828,0.3820871,-0.06851575,-0.3880271,0.9117333,-0.1348235,0.01095374,0.150837,0.9884979
163,0.9201643,0.3857143,-0.06724916,-0.3913533,0.9112742,-0.128149,0.01185353,0.1442363,0.9894724
167,0.9208937,0.3832782,-0.07108377,-0.3894943,0.9120955,-0.1279689,0.01578751,0.1455324,0.9892276
170,0.9225137,0.3797205,-0.06914353,-0.3856671,0.9139199,-0.1265358,0.01514342,0.1433974,0.9895493
173,0.9225694,0.3801041,-0.0662315,-0.3856064,0.9142047,-0.1246496,0.01316932,0.1405372,0.9899878
176,0.922309,0.3814321,-0.06209089,-0.3863844,0.9131866,-0.1296034,0.007265674,0.1435254,0.9896199
179,0.9241111,0.3766997,-0.0641552,-0.3820079,0.9148523,-0.1308253,0.009410664,0.1454049,0.9893274
182,0.924731,0.3756097,-0.06156248,-0.3805355,0.9157827,-0.128587,0.008079327,0.1423351,0.9897856
185,0.9247788,0.3753313,-0.06253456,-0.3804172,0.915526,-0.1307466,0.008178746,0.1447009,0.9894416
188,0.9245004,0.375573,-0.06514601,-0.3810689,0.9147786,-0.1340401,0.00925233,0.1487452,0.9888323
191,0.9238295,0.3780581,-0.06009094,-0.3827935,0.9135102,-0.1377244,0.002825857,0.1502363,0.988646
194,0.922363,0.3815181,-0.06074848,-0.3863153,0.911934,-0.1383357,0.002621049,0.1510638,0.9885205
197,0.9212258,0.3839899,-0.06240599,-0.389003,0.9110542,-0.1365897,0.00440618,0.1501061,0.98866
200,0.9202181,0.3850785,-0.07009538,-0.3911378,0.9113519,-0.1282537,0.01449382,0.1454383,0.9892612
203,0.9209197,0.3845152,-0.06367869,-0.3896719,0.9116764,-0.1303913,0.007916912,0.1448938,0.9894155
206,0.9209843,0.3843003,-0.06404012,-0.3894873,0.9121413,-0.1276629,0.009352749,0.1425183,0.9897479
209,0.9214468,0.3824238,-0.0684705,-0.3882862,0.9124278,-0.1292659,0.01304001,0.1456978,0.9892434
212,0.9231964,0.3779794,-0.06956921,-0.3841112,0.9135172,-0.1339588,0.01291898,0.1503926,0.9885419
215,0.9247921,0.3746136,-0.06651504,-0.3802772,0.9156875,-0.1300218,0.01219906,0.1455373,0.9892776
218,0.9242056,0.3769187,-0.06145322,-0.3818,0.9155324,-0.1266069,0.008541922,0.1404736,0.9900477
221,0.923265,0.3797854,-0.05783311,-0.3841601,0.91337,-0.1348191,0.001620685,0.146691,0.989181
224,0.9215422,0.3833393,-0.06173449,-0.3882275,0.9122767,-0.1305023,0.006292281,0.1442304,0.9895242
227,0.9220656,0.3811366,-0.06730562,-0.3869101,0.9121227,-0.1353991,0.009785444,0.150888,0.9885025
230,0.9231712,0.3790271,-0.06398044,-0.3843534,0.9124795,-0.1401922,0.005244191,0.1540125,0.9880551
233,0.9231128,0.3787863,-0.06620727,-0.3844292,0.9130108,-0.1364739,0.00875352,0.1514328,0.9884286
236,0.922873,0.3787999,-0.06940116,-0.3849362,0.9127003,-0.1371226,0.01140042,0.1532618,0.98812
239,0.9230579,0.3789789,-0.06587159,-0.3846184,0.9118714,-0.1433841,0.00572685,0.1576873,0.9874724
242,0.9216143,0.382467,-0.06592204,-0.3879844,0.9121985,-0.1317635,0.009738776,0.1470119,0.9890866
245,0.920992,0.3844088,-0.06327615,-0.3894653,0.9124632,-0.1254107,0.009528178,0.1401461,0.9900851
248,0.9214956,0.3830617,-0.06410739,-0.3882536,0.9128973,-0.1260072,0.01025495,0.1410049,0.9899558
251,0.9223681,0.3809531,-0.06412096,-0.3861911,0.9134385,-0.1283987,0.009656684,0.1431938,0.9896474
254,0.9211619,0.3835236,-0.06610746,-0.3889234,0.9133367,-0.1206414,0.01410957,0.136841,0.9904924
257,0.9241326,0.374551,-0.07543316,-0.3817413,0.9133658,-0.1415496,0.01588054,0.1596066,0.9870529
260,0.9269537,0.3680446,-0.07280283,-0.3748808,0.9163151,-0.1408229,0.01488124,0.1578286,0.9873545
264,0.9264878,0.3696044,-0.07080257,-0.3760267,0.91671,-0.1350806,0.01497905,0.1517741,0.9883018
267,0.9254094,0.3721541,-0.07154336,-0.3786551,0.9156941,-0.1346264,0.01541005,0.1516748,0.9883101
270,0.9240794,0.375757,-0.06988672,-0.3819639,0.9143738,-0.1342548,0.01345542,0.1507563,0.9884795
273,0.9227445,0.3789406,-0.07033567,-0.3852256,0.9124959,-0.1376696,0.01201239,0.154129,0.9879779
276,0.9222974,0.3801663,-0.06957947,-0.3863782,0.9111428,-0.1432863,0.008924225,0.1590365,0.9872325
279,0.9208658,0.3852616,-0.05983285,-0.3898724,0.9109019,-0.1351205,0.002445109,0.147755,0.9890211
282,0.9183811,0.3898677,-0.06767345,-0.3956161,0.9081333,-0.1370483,0.008025778,0.1526353,0.9882502
285,0.9191247,0.3881903,-0.06721883,-0.3939304,0.9078923,-0.1433547,0.005378554,0.1582404,0.9873861
288,0.9217588,0.3815389,-0.06920217,-0.3877547,0.9081749,-0.1576858,0.002684398,0.1721817,0.9850616
291,0.9229693,0.3786571,-0.06889585,-0.3848286,0.9106993,-0.1501134,0.005901899,0.1650631,0.9862655
294,0.9240025,0.376543,-0.06659301,-0.3823298,0.9127418,-0.1439658,0.006572923,0.1584852,0.9873394
297,0.9251675,0.3737795,-0.06598471,-0.3795206,0.9134634,-0.1467949,0.005405697,0.1608524,0.9869636
300,0.924454,0.3767091,-0.05895046,-0.3812935,0.9134945,-0.1419262,0.0003860215,0.1536817,0.9881204
303,0.9243362,0.3762426,-0.06359416,-0.3815547,0.9132416,-0.1428498,0.004330647,0.1563059,0.9876993
306,0.9242056,0.3770559,-0.06060675,-0.3818947,0.9128516,-0.1444255,0.000868494,0.1566242,0.9876581
309,0.9248632,0.3745038,-0.06614547,-0.3802478,0.9135316,-0.1444706,0.006321193,0.1587672,0.9872959
312,0.9256688,0.3725751,-0.06576661,-0.3782797,0.9144181,-0.1440281,0.006476894,0.1582005,0.9873858
315,0.9264561,0.3710946,-0.0629903,-0.3763744,0.9153738,-0.1429439,0.004613958,0.1561392,0.9877242
318,0.9262466,0.3717517,-0.06219517,-0.3768813,0.9157786,-0.1389619,0.005297666,0.1521532,0.9883429
321,0.9258959,0.3726214,-0.06221011,-0.3777696,0.9143804,-0.1455971,0.002631119,0.1583088,0.9873861
324,0.9225281,0.381779,-0.05644963,-0.3859189,0.9136754,-0.127529,0.002888758,0.1394341,0.990227
327,0.9204455,0.3866909,-0.05701263,-0.3908707,0.9103817,-0.1357404,-0.0005863242,0.1472262,0.9891028
330,0.9205651,0.3852879,-0.06413341,-0.3905776,0.9093079,-0.1435563,0.003006515,0.1572019,0.9875619
333,0.9212373,0.382391,-0.07140663,-0.3889534,0.9083443,-0.1537075,0.006085454,0.1693749,0.9855329
336,0.9209713,0.3825894,-0.07373813,-0.389484,0.9091772,-0.1473064,0.01068318,0.1643847,0.9863386
339,0.9224731,0.3796009,-0.07033052,-0.3860048,0.9100184,-0.1512174,0.006599792,0.1666419,0.9859953
342,0.9237221,0.377093,-0.06736445,-0.3830244,0.911726,-0.1484846,0.00542544,0.1629607,0.9866174
345,0.9236113,0.3762577,-0.07329516,-0.3832065,0.9111352,-0.1516091,0.009737696,0.1681151,0.9857192
348,0.9253269,0.372159,-0.07258041,-0.3791381,0.910642,-0.1642733,0.004958981,0.1795245,0.9837411
351,0.926507,0.3699994,-0.06844886,-0.3762575,0.9128779,-0.1583797,0.003885065,0.1724943,0.9850028
354,0.9254685,0.3727254,-0.0677047,-0.3787216,0.9144893,-0.1424055,0.008837095,0.157433,0.9874902
357,0.9252104,0.3736503,-0.06611617,-0.3793931,0.9140488,-0.1434426,0.00683603,0.1577986,0.9874477
361,0.9250972,0.3732898,-0.06964183,-0.3795958,0.9139677,-0.1434231,0.01011199,0.1591161,0.9872082
364,0.9260966,0.3700298,-0.07364114,-0.3771887,0.9124917,-0.158391,0.008587519,0.174462,0.9846265
367,0.9261146,0.371345,-0.06644097,-0.3772278,0.9131308,-0.1545675,0.003271445,0.1682106,0.9857455
370,0.9241984,0.376337,-0.0650227,-0.3818578,0.9134656,-0.1405892,0.006487083,0.1547617,0.9879306
373,0.9227764,0.3797569,-0.06533256,-0.3852904,0.9119098,-0.1413216,0.005909557,0.1555802,0.9878055
376,0.9260333,0.3716473,-0.06588052,-0.3774371,0.9126377,-0.1569504,0.001794875,0.1702071,0.9854065
379,0.9242936,0.37665,-0.06177387,-0.3816557,0.9139495,-0.1379673,0.004492804,0.1510987,0.9885084
382,0.923533,0.3775966,-0.06713519,-0.3834311,0.9127998,-0.1406294,0.008179824,0.1556176,0.9877833
385,0.9251749,0.3724972,-0.07278128,-0.379411,0.9127108,-0.151678,0.009928629,0.1679427,0.9857467
388,0.9268112,0.3692737,-0.06825159,-0.3754225,0.9154289,-0.1450796,0.008905385,0.1600846,0.9870633
391,0.9309478,0.3595372,-0.06379229,-0.3651421,0.9179362,-0.1551277,0.002783069,0.167709,0.9858328
394,0.9315216,0.3575851,-0.06633794,-0.3636153,0.9193224,-0.1504341,0.007192943,0.1642541,0.986392
397,0.9330136,0.3541192,-0.06391659,-0.3598202,0.9200435,-0.1550786,0.00388972,0.167689,0.9858323
400,0.9312758,0.3593091,-0.060185,-0.3642882,0.9204085,-0.141923,0.004400558,0.1540941,0.9880463
403,0.9292181,0.3634768,-0.06662162,-0.3693966,0.9185364,-0.1408442,0.01000077,0.1554848,0.9877877
406,0.9303706,0.3594913,-0.07194754,-0.3664051,0.9184666,-0.1488835,0.0125591,0.1648788,0.9862338
409,0.9293192,0.3630173,-0.06770664,-0.3690928,0.9189045,-0.13923,0.01167304,0.1543792,0.9879427
412,0.9282696,0.3651997,-0.07032168,-0.3716695,0.9177169,-0.1402066,0.01333198,0.1562859,0.9876221
415,0.9274324,0.3672718,-0.07057104,-0.3737907,0.9164509,-0.1428216,0.01222057,0.1588362,0.9872292
418,0.9263231,0.370173,-0.06998139,-0.3765833,0.9150287,-0.144594,0.01051017,0.1602946,0.9870132
421,0.9224126,0.3804111,-0.0666529,-0.3861093,0.9122095,-0.1370906,0.008650603,0.1521894,0.9883136
424,0.9215555,0.3816445,-0.07129417,-0.3881315,0.9100869,-0.1452437,0.009452407,0.1615217,0.9868239
427,0.9211912,0.3825271,-0.07127222,-0.3889605,0.9103376,-0.1414043,0.01079079,0.1579825,0.9873829
430,0.920318,0.3856796,-0.06531382,-0.3910752,0.9108694,-0.1318216,0.008651458,0.1468605,0.9891193
433,0.9196896,0.3868765,-0.06706765,-0.3925688,0.9093976,-0.1374268,0.007823969,0.1527186,0.9882389
436,0.9203891,0.3851373,-0.06748024,-0.3909706,0.9087669,-0.145894,0.005134562,0.160662,0.9869964
439,0.9205764,0.3837623,-0.07256421,-0.3904619,0.9085317,-0.1486932,0.008864054,0.165217,0.9862174
442,0.9204041,0.384629,-0.07012087,-0.3909078,0.9085025,-0.1476973,0.00689631,0.163352,0.9865438
445,0.9214517,0.3820445,-0.07048967,-0.3884626,0.9083541,-0.1548861,0.004856208,0.1701027,0.9854144
448,0.9217962,0.3821838,-0.06501643,-0.3876694,0.9095979,-0.1494792,0.002010292,0.1629942,0.986625
451,0.9244214,0.3755134,-0.06659507,-0.3813681,0.9110714,-0.1565481,0.001886964,0.1701136,0.9854227
454,0.9253902,0.3748797,-0.05584066,-0.3789932,0.9136271,-0.1471386,-0.00414174,0.1573239,0.9875384
459,0.9261336,0.3724344,-0.0597396,-0.3771873,0.9134032,-0.1530495,-0.002434543,0.1642773,0.986411
462,0.9260521,0.3732057,-0.0560798,-0.3773644,0.9137832,-0.1503206,-0.004855721,0.1603672,0.9870454
465,0.9260761,0.37319,-0.05578986,-0.3772835,0.9132746,-0.1535803,-0.006363192,0.1632756,0.9865601
468,0.9242501,0.3773755,-0.05787283,-0.381767,0.9119611,-0.150268,-0.003929682,0.1609792,0.9869498
471,0.9240023,0.3775413,-0.06068059,-0.3823772,0.9111536,-0.1535799,-0.002693407,0.1651111,0.9862713
474,0.9231746,0.3787865,-0.06534024,-0.3843636,0.9113014,-0.1476288,0.003624853,0.1614016,0.9868821
477,0.921901,0.3826695,-0.06051846,-0.3874111,0.9118918,-0.1355204,0.003326754,0.1483819,0.9889245
480,0.9211192,0.3835864,-0.06633771,-0.3892331,0.9101911,-0.1415961,0.006065659,0.1562477,0.9876992
483,0.9216278,0.3825597,-0.06519675,-0.3880286,0.9110286,-0.1395025,0.006028086,0.1538675,0.9880732
486,0.922065,0.3809194,-0.06853128,-0.3869408,0.9111817,-0.1415086,0.00854108,0.1569977,0.987562
489,0.922622,0.3799652,-0.06629641,-0.3856446,0.9118009,-0.1410586,0.006851771,0.1557106,0.987779
492,0.9225314,0.3801536,-0.06647743,-0.3858445,0.9120166,-0.139104,0.007747647,0.1539777,0.9880441
495,0.9231847,0.3796638,-0.0598762,-0.3843535,0.9125047,-0.1400264,0.001474354,0.1522839,0.9883355
498,0.9236091,0.3787456,-0.05914591,-0.3833346,0.9129557,-0.1398809,0.001018323,0.1518679,0.9884004
501,0.9249988,0.3747577,-0.06272244,-0.3799526,0.9138579,-0.1431777,0.00366246,0.1562707,0.9877075
504,0.9261498,0.3721403,-0.06130383,-0.377138,0.9153736,-0.1409191,0.003674234,0.1536322,0.9881213
507,0.9264582,0.3715076,-0.06047814,-0.3763737,0.9161866,-0.1376412,0.004274522,0.1502812,0.9886342
510,0.9273978,0.3698428,-0.05611877,-0.3740756,0.9171603,-0.1374201,0.0006460853,0.1484358,0.9889217
513,0.92643,0.3717959,-0.05911891,-0.3764207,0.9172812,-0.1300101,0.00589145,0.1426988,0.9897486
516,0.9259093,0.373484,-0.05658388,-0.3777327,0.9166836,-0.1304199,0.003159767,0.1421306,0.989843
519,0.9249196,0.375705,-0.05804336,-0.3801474,0.9153861,-0.1324985,0.003351733,0.1446155,0.989482
522,0.9254662,0.3733794,-0.064033,-0.3788114,0.9137926,-0.1465783,0.003783568,0.1599097,0.9871244
525,0.9250256,0.3748664,-0.06166567,-0.3798903,0.9141299,-0.141597,0.003290459,0.1544071,0.9880018
528,0.9249831,0.3753636,-0.05922974,-0.3800004,0.9146421,-0.1379472,0.002393638,0.1501062,0.9886669
531,0.922876,0.3811353,-0.05509635,-0.3850818,0.9146166,-0.1232402,0.003420854,0.134952,0.9908461
534,0.9210125,0.3858774,-0.05324293,-0.3895328,0.9121533,-0.1274388,-0.0006100435,0.1381126,0.9904164
537,0.9225001,0.380729,-0.06355247,-0.3859965,0.9100728,-0.1509113,0.0003810775,0.1637467,0.9865023
540,0.9227037,0.3803993,-0.06256326,-0.3855053,0.9112479,-0.1449582,0.001868656,0.1578719,0.9874578
543,0.9223195,0.3821925,-0.05705895,-0.3864156,0.9109837,-0.1441935,-0.003129918,0.155041,0.9879031
546,0.9217055,0.3835031,-0.05817772,-0.3878745,0.9098694,-0.1472792,-0.003547913,0.1583137,0.9873826
549,0.9210104,0.385307,-0.0572549,-0.3895083,0.9091347,-0.1475033,-0.004781642,0.1581534,0.9874029
552,0.9195781,0.3894763,-0.05180983,-0.3928012,0.90824,-0.1442468,-0.009124966,0.1529972,0.9881845
556,0.9182894,0.3924011,-0.052593,-0.395811,0.9069542,-0.1441108,-0.008849796,0.1531523,0.9881631
559,0.9186983,0.3905752,-0.05869155,-0.3949338,0.9067122,-0.1479884,-0.004584269,0.159136,0.9872462
562,0.9191693,0.3906945,-0.04985855,-0.3936669,0.9073262,-0.1476,-0.01242854,0.155297,0.9877898
565,0.9190049,0.3905754,-0.05367188,-0.3941178,0.9066821,-0.1503286,-0.01005133,0.1593058,0.987178
568,0.917913,0.3939138,-0.04762129,-0.396571,0.9068806,-0.1424755,-0.01293626,0.1496653,0.9886522
571,0.9174016,0.3947881,-0.05016623,-0.3978118,0.9062669,-0.1429204,-0.01095928,0.1510721,0.988462
574,0.9174924,0.3931756,-0.06017208,-0.3977509,0.9063865,-0.1423302,-0.001421627,0.1545204,0.9879887
577,0.9171765,0.3940484,-0.05927205,-0.3984805,0.9066896,-0.1383012,-0.0007560067,0.1504654,0.988615
580,0.9169638,0.394657,-0.05850975,-0.3989627,0.9061116,-0.1406789,-0.002503559,0.1523407,0.9883249
583,0.9189321,0.3892343,-0.06372136,-0.3943951,0.9051586,-0.1585568,-0.004037822,0.1708344,0.9852914
586,0.9199905,0.3867649,-0.06348262,-0.3919309,0.9067041,-0.1558126,-0.002702874,0.1682269,0.9857444
589,0.9172348,0.3936961,-0.06069354,-0.3983454,0.9060957,-0.1425181,-0.001114669,0.1548996,0.9879295
592,0.9176664,0.3925216,-0.06176991,-0.3973494,0.9059259,-0.1463283,-0.001478053,0.1588248,0.9873058
595,0.9171996,0.3920573,-0.07096591,-0.3983678,0.9055008,-0.1461899,0.006944868,0.1623558,0.9867079
598,0.9178326,0.3919224,-0.06308809,-0.3969614,0.9052678,-0.1513665,-0.002212282,0.1639726,0.9864624
601,0.9182457,0.3917303,-0.05806946,-0.3959804,0.9064281,-0.1469266,-0.004919829,0.1579091,0.9874413
604,0.9207647,0.3848625,-0.06382115,-0.3901155,0.907735,-0.1543604,-0.001474824,0.1670272,0.9859512
607,0.921177,0.3847371,-0.05840007,-0.3891379,0.9098735,-0.1438823,-0.002220179,0.1552667,0.9878702
610,0.9215158,0.3842762,-0.05604032,-0.3883058,0.9098454,-0.1462872,-0.005226682,0.1565668,0.9876536
613,0.9237403,0.3783896,-0.05937558,-0.3829367,0.9091473,-0.1637405,-0.007976525,0.1739907,0.9847151
616,0.924977,0.3752161,-0.06025079,-0.3799759,0.9106753,-0.1621374,-0.005967641,0.1728672,0.9849269
619,0.9238668,0.3783838,-0.05740999,-0.3826576,0.9106963,-0.1555814,-0.006586408,0.1657048,0.9861534
622,0.9220459,0.3832479,-0.05433914,-0.3870136,0.9101384,-0.1478817,-0.007219228,0.1573837,0.9875113
625,0.9204694,0.38685,-0.05552416,-0.3907678,0.9088293,-0.1460466,-0.006036136,0.1561285,0.9877182
628,0.9224854,0.3803436,-0.06602679,-0.3860299,0.908316,-0.1610681,-0.001288023,0.1740713,0.9847323
631,0.9239417,0.3764461,-0.06797041,-0.3825283,0.910123,-0.1592105,0.001927284,0.1731018,0.984902
634,0.9239862,0.3777908,-0.05935816,-0.3824071,0.9112204,-0.1531077,-0.003754303,0.1641684,0.986425
637,0.9242448,0.3771393,-0.05947746,-0.3817636,0.9107051,-0.1577113,-0.005312718,0.1684702,0.9856925
640,0.9238192,0.3778436,-0.06158164,-0.3828207,0.9107068,-0.1551181,-0.002527558,0.1668758,0.9859747
643,0.9235502,0.3783549,-0.06246858,-0.3834772,0.9112365,-0.1503104,5.295899E-05,0.1627745,0.9866632
646,0.9235163,0.3781795,-0.06401619,-0.3835543,0.9114069,-0.149076,0.00196732,0.1622278,0.9867515
649,0.9215823,0.3825709,-0.06576973,-0.3881498,0.9104008,-0.1432137,0.005087421,0.1575117,0.9875041
653,0.9195997,0.387778,-0.06296279,-0.39284,0.9091349,-0.1383842,0.003579345,0.1519924,0.988375
656,0.9171512,0.3933466,-0.06412502,-0.3985254,0.9065119,-0.1393325,0.003324133,0.1533444,0.9881672
659,0.9184757,0.3904926,-0.06259209,-0.3954606,0.905413,-0.154396,-0.003618794,0.1665617,0.9860244
662,0.9199677,0.3881832,-0.05452799,-0.3918183,0.9064471,-0.1575824,-0.0117441,0.1663358,0.9859993
665,0.9191325,0.3901568,-0.05452894,-0.3938377,0.9067401,-0.1507129,-0.009358084,0.1600007,0.9870727
668,0.9187095,0.3911858,-0.05428236,-0.3945306,0.9028488,-0.1709084,-0.01784818,0.1784312,0.9837905
671,0.9180619,0.3926575,-0.05461023,-0.3961546,0.9034659,-0.1637401,-0.01495527,0.1719576,0.9849908
674,0.9148181,0.3988713,-0.06332175,-0.4038483,0.9019852,-0.1527395,-0.003808134,0.1653012,0.9862359
677,0.912614,0.4034003,-0.06635893,-0.4088053,0.8990138,-0.15701,-0.003680295,0.1704174,0.985365
680,0.9122538,0.4045456,-0.06430994,-0.4096226,0.9003642,-0.1468111,-0.001489414,0.1602718,0.9870718
683,0.9106486,0.4077029,-0.06706041,-0.4131611,0.9001337,-0.1380471,0.004081143,0.1534192,0.9881526
686,0.9098048,0.4104165,-0.06175329,-0.4150342,0.8991957,-0.1385411,-0.001331244,0.151675,0.9884295
689,0.9073921,0.4147591,-0.06792687,-0.4202565,0.893532,-0.1580655,-0.004864253,0.1719741,0.9850892
692,0.9034647,0.4238526,-0.06403453,-0.4285241,0.8892453,-0.1600307,-0.01088704,0.1720225,0.9850329
695,0.9002346,0.4312636,-0.05991507,-0.4351908,0.8869084,-0.1549282,-0.01367571,0.1655461,0.9861074
698,0.8964362,0.4397639,-0.05486026,-0.4430559,0.8864668,-0.1337077,-0.01016802,0.1441666,0.989501
701,0.894977,0.4423209,-0.05803598,-0.4461117,0.8872161,-0.1176087,-0.0005303357,0.1311477,0.9913626
704,0.8952686,0.4409587,-0.06363551,-0.4453604,0.8896608,-0.100785,0.012172,0.1185704,0.992871
707,0.8974003,0.4371212,-0.05998099,-0.441133,0.8915574,-0.1026018,0.008627057,0.1185345,0.9929125
710,0.900385,0.4310011,-0.05953842,-0.4350523,0.8937235,-0.1094883,0.006021309,0.1244839,0.9922034
713,0.9033273,0.4254494,-0.05470134,-0.428951,0.8961537,-0.1136183,0.0006819713,0.1260987,0.9920173
716,0.9062523,0.4197577,-0.05010149,-0.4226767,0.9017403,-0.0906015,0.00714786,0.1032846,0.994626
719,0.9060228,0.4206174,-0.04694266,-0.4225446,0.9052811,-0.04384236,0.02405544,0.05955755,0.9979349
722,0.9079165,0.4150441,-0.05853156,-0.4172219,0.9082651,-0.0313094,0.0401674,0.05284697,0.9977944
725,0.9114935,0.406045,-0.06563093,-0.4093717,0.911056,-0.04890878,0.03993428,0.07144748,0.9966448
728,0.9130868,0.4017122,-0.06999774,-0.4059486,0.9117107,-0.06315906,0.03844593,0.08608521,0.9955456
731,0.9126155,0.4018576,-0.07512058,-0.4066171,0.9112892,-0.06491628,0.04236948,0.08978893,0.995059
734,0.9102622,0.4068357,-0.07685906,-0.4111161,0.9101344,-0.05136972,0.04905304,0.07835791,0.9957177
737,0.9102631,0.4085667,-0.0670374,-0.411775,0.9102354,-0.04373194,0.04315241,0.06741191,0.9967914
740,0.9067593,0.4160483,-0.0684952,-0.4188894,0.9074141,-0.03363398,0.04816015,0.05918983,0.9970844
743,0.9033074,0.4239902,-0.06533294,-0.4263259,0.9041771,-0.02665125,0.04777268,0.05192739,0.9975078
746,0.9010651,0.4284857,-0.06694327,-0.4306624,0.902252,-0.02170281,0.05110036,0.04838559,0.9975206
750,0.9000704,0.4310785,-0.06359541,-0.432973,0.9012038,-0.01913074,0.04906558,0.04475411,0.9977923
753,0.8999323,0.430962,-0.06628774,-0.4329374,0.9012378,-0.0183307,0.05184117,0.04519482,0.9976324
756,0.9005247,0.4307638,-0.05914076,-0.4315973,0.902065,-0.001471152,0.0527151,0.0268498,0.9982485
759,0.8995147,0.4338414,-0.05152705,-0.4332998,0.9009853,0.02183723,0.05589901,0.00268375,0.9984329
762,0.8985714,0.4344429,-0.06187592,-0.433031,0.9006855,0.03534836,0.0710876,-0.004968839,0.9974576
765,0.8983908,0.4337688,-0.06883858,-0.4313482,0.9009296,0.04758808,0.08266094,-0.01305929,0.9964922
768,0.8990872,0.4329747,-0.06461387,-0.4315375,0.901397,0.03547702,0.07360341,-0.004013629,0.9972794
771,0.8921372,0.4486081,-0.05331241,-0.4462479,0.8934711,0.05071929,0.07038617,-0.02145801,0.9972891
774,0.8861994,0.4605191,-0.05072188,-0.4579046,0.8872722,0.05541916,0.0705257,-0.02588665,0.997174
777,0.879961,0.4719698,-0.05397303,-0.4698712,0.8814638,0.04735495,0.06992538,-0.01631014,0.9974188
780,0.8736155,0.4836624,-0.05354157,-0.4818889,0.8751753,0.04302786,0.06766921,-0.01178871,0.9976382
783,0.86834,0.493077,-0.05348483,-0.4901982,0.8696342,0.05866841,0.07544028,-0.02472597,0.9968437
786,0.8630091,0.5033163,-0.04345097,-0.4996581,0.8630903,0.07359968,0.07454603,-0.04180657,0.9963409
789,0.8552203,0.5172741,-0.0320261,-0.5124636,0.8532515,0.09665906,0.07732555,-0.06625258,0.9948022
792,0.847806,0.5285096,-0.04362023,-0.5232596,0.84707,0.0931226,0.08616557,-0.0561252,0.9946987
795,0.8394668,0.541056,-0.05053624,-0.5341572,0.8386848,0.1062255,0.09985795,-0.06217852,0.993057
798,0.834834,0.5481582,-0.05074146,-0.5380823,0.8319945,0.1351017,0.1162737,-0.0854844,0.9895316
801,0.8313707,0.5536361,-0.04805909,-0.5377226,0.8232646,0.1819054,0.1402748,-0.1253884,0.9821408
804,0.8336707,0.5509573,-0.03793854,-0.5319967,0.8196207,0.2126065,0.1482323,-0.1570607,0.9764012
807,0.8393993,0.5418585,-0.04240248,-0.5196233,0.8229316,0.2297281,0.1593745,-0.1708003,0.9723306
810,0.8440403,0.5353905,-0.03086984,-0.5128636,0.8226716,0.2453208,0.1567382,-0.1912286,0.9689503
813,0.8486424,0.5284662,-0.02300774,-0.511087,0.8303942,0.2218904,0.1363671,-0.1765467,0.9748
816,0.8492479,0.5274892,0.02307998,-0.5157987,0.819499,0.2497453,0.1128239,-0.2240003,0.9680362
819,0.8540036,0.5198133,0.02172727,-0.5065659,0.8212669,0.2625106,0.1186126,-0.2351913,0.9646845
822,0.8577511,0.5130588,0.03215272,-0.5018055,0.8220773,0.2690358,0.1115992,-0.2469002,0.9625934
825,0.8590214,0.509044,0.05437181,-0.5027379,0.8187638,0.2772728,0.09662639,-0.2655181,0.9592513
828,0.8588045,0.5098108,0.05047278,-0.5029586,0.8203062,0.2722685,0.0974023,-0.2592112,0.9608964
831,0.8546597,0.5132204,0.07849634,-0.5104101,0.8028657,0.3080394,0.09507006,-0.3033342,0.9481298
834,0.857414,0.5045369,0.1014087,-0.503222,0.7807176,0.3704694,0.1077439,-0.3686767,0.9232923
837,0.8690804,0.4835612,0.1042493,-0.4808815,0.7764667,0.40725,0.1159841,-0.4040645,0.9073476
840,0.8827811,0.4617879,0.08630893,-0.451671,0.7837735,0.4262537,0.1291922,-0.415272,0.9004768
843,0.8941186,0.4422255,0.07062948,-0.4251941,0.7887919,0.4438664,0.1405771,-0.4269005,0.8933052
848,0.9000473,0.4315168,0.0608945,-0.4097815,0.7904717,0.4552291,0.1483036,-0.4346811,0.8882896
851,0.9033373,0.4240089,0.06479476,-0.4045134,0.791896,0.4574601,0.1426564,-0.4394511,0.8868665
854,0.9057462,0.4181944,0.06882712,-0.4016005,0.7949745,0.4546786,0.1354282,-0.4394644,0.8879922
857,0.90446,0.4205087,0.07158584,-0.4057807,0.7964616,0.4483202,0.1315071,-0.4345358,0.891002
860,0.9016091,0.4249171,0.08090866,-0.4129214,0.7897919,0.4535685,0.128828,-0.4423505,0.887541
863,0.896873,0.4298388,0.1041976,-0.4237886,0.7677498,0.4805863,0.1265769,-0.4751827,0.870735
866,0.8953587,0.4282639,0.1221594,-0.4285237,0.7538142,0.4981284,0.1212449,-0.4983517,0.8584553
869,0.8977384,0.420341,0.1318301,-0.4229236,0.7386106,0.5249667,0.1232939,-0.5270368,0.8408512
872,0.9044677,0.408685,0.1221259,-0.4060739,0.7373888,0.5397793,0.1305454,-0.5378051,0.8329006
875,0.9116647,0.3982927,0.101145,-0.3825367,0.7326445,0.5629365,0.1501102,-0.5519011,0.8202878
878,0.9169255,0.3887471,0.09012821,-0.3642148,0.7229449,0.5871099,0.1630795,-0.5711622,0.8044741
881,0.9229611,0.3779293,0.07288509,-0.3461574,0.7322631,0.586486,0.1682792,-0.5665335,0.8066733
884,0.9268414,0.369881,0.06444393,-0.3366823,0.7428342,0.5786557,0.1661626,-0.5580192,0.8130218
887,0.9264215,0.370517,0.06678694,-0.3363362,0.7347798,0.5890474,0.1691784,-0.568169,0.805334
890,0.9268568,0.3704771,0.06068759,-0.3310665,0.7303959,0.5974249,0.1770063,-0.573819,0.799625
893,0.9235997,0.3770695,0.06915179,-0.3392889,0.7200479,0.6053212,0.1784556,-0.582537,0.7929716
896,0.922968,0.3829666,0.03829351,-0.3158984,0.696957,0.6437848,0.2198592,-0.6062897,0.7642477
899,0.9215102,0.3854371,0.04750881,-0.3285281,0.7084606,0.6246221,0.2070944,-0.5912037,0.7794806
902,0.9178417,0.3931261,0.05494298,-0.3367149,0.6977751,0.6322445,0.2102139,-0.5988004,0.7728184
905,0.915668,0.3978519,0.05714717,-0.338835,0.6875957,0.642186,0.2162007,-0.6073927,0.7644155
908,0.9118157,0.4073225,0.05177402,-0.3390224,0.6757202,0.6545733,0.2316377,-0.6144027,0.7542236
911,0.9072295,0.4185029,0.04230479,-0.3367876,0.6624473,0.6691319,0.252009,-0.621304,0.7419384
914,0.9040023,0.4231039,0.06134131,-0.3416853,0.6287768,0.6984918,0.2569646,-0.6523976,0.7129841
917,0.9055709,0.4178689,0.07298677,-0.3279685,0.5805821,0.7452255,0.2690317,-0.6987919,0.6628061
920,0.9121618,0.4026199,0.07653839,-0.3170998,0.5750418,0.7541714,0.2596316,-0.7121966,0.6522019
923,0.9158069,0.3939286,0.07821766,-0.3072779,0.5618593,0.7680458,0.2586079,-0.7274162,0.6356002
926,0.9175649,0.3910371,0.07186554,-0.3006825,0.5642362,0.7689132,0.2601245,-0.7271364,0.6353014
929,0.9173404,0.3932368,0.06205713,-0.295078,0.5669904,0.7690582,0.2672362,-0.7238,0.6361588
932,0.9146868,0.4004888,0.05437622,-0.2935389,0.5658041,0.7705197,0.2778183,-0.7207457,0.6350926
935,0.9106814,0.408568,0.06108767,-0.2988003,0.5493387,0.7803496,0.285268,-0.7289028,0.6223528
938,0.904249,0.4183568,0.08550662,-0.3118742,0.5102859,0.8014628,0.2916646,-0.7513893,0.5919002
941,0.9055499,0.4158752,0.08382825,-0.3061878,0.5039084,0.8076667,0.2936468,-0.7570496,0.5836501
945,0.9114977,0.403228,0.08111057,-0.2846639,0.4761173,0.8320329,0.2968809,-0.7814854,0.5487643
948,0.9158056,0.3936563,0.07959287,-0.2694184,0.4551889,0.8486559,0.2978489,-0.7986476,0.5229228
951,0.9193962,0.3849168,0.08093062,-0.2580648,0.4350279,0.8626432,0.2968388,-0.8139963,0.4992965
954,0.9223496,0.3760353,0.08870339,-0.2510465,0.4087991,0.8774159,0.2936775,-0.8315531,0.4714581
957,0.926788,0.3668586,0.08048925,-0.2415863,0.4181982,0.8756405,0.2875758,-0.8309783,0.4762092
960,0.9291145,0.3630803,0.07013632,-0.2363873,0.4372974,0.8676935,0.2843719,-0.8227659,0.4921269
963,0.92643,0.3685682,0.07671636,-0.2423353,0.4278906,0.8707374,0.2880999,-0.8252681,0.4857277
966,0.9239693,0.3719002,0.08928109,-0.2439807,0.3933582,0.8864214,0.2945409,-0.8408089,0.4541873
969,0.9249063,0.367427,0.097702,-0.2417783,0.370103,0.8969765,0.2934136,-0.8532415,0.4311464
972,0.9270459,0.3631858,0.09317675,-0.2322705,0.3611848,0.9031035,0.2943403,-0.8588607,0.4191922
975,0.929141,0.3585796,0.09009597,-0.2251865,0.355577,0.907114,0.2932366,-0.8631254,0.4111286
978,0.9300278,0.357179,0.08643797,-0.2153991,0.3392581,0.9157004,0.2977442,-0.8702455,0.3924555
981,0.9311628,0.3554767,0.08106915,-0.2052205,0.3272104,0.9223979,0.3013643,-0.8755396,0.3776372
984,0.9297106,0.3586529,0.08370291,-0.2032153,0.3100263,0.9287557,0.3071509,-0.8804837,0.3611185
987,0.9274496,0.3637022,0.08693771,-0.2043649,0.2982718,0.932346,0.3131652,-0.8824708,0.35096
990,0.9260038,0.368303,0.08288499,-0.1976265,0.2858625,0.9376707,0.3216532,-0.8846669,0.3374962
993,0.9245041,0.3735645,0.07577474,-0.1868676,0.2709213,0.9442893,0.332224,-0.8871591,0.3202749
996,0.9243647,0.3748267,0.0710967,-0.1776146,0.2578772,0.9497117,0.3376431,-0.8905079,0.3049473
999,0.9234086,0.3783752,0.06441061,-0.1659549,0.2422824,0.955907,0.346086,-0.893382,0.2865189
1002,0.9227363,0.3811895,0.05703005,-0.1514126,0.2224279,0.96312,0.3544461,-0.8973408,0.2629592
1005,0.9231349,0.379323,0.06273878,-0.1504838,0.2063101,0.9668458,0.3538032,-0.9019702,0.247534
1008,0.9222669,0.3801323,0.07016551,-0.1504969,0.1859075,0.9709733,0.3560539,-0.9060562,0.2286651
1011,0.9219349,0.3821375,0.06330029,-0.1420171,0.1814356,0.9730942,0.3603709,-0.9061192,0.2215419
1014,0.9216386,0.3821557,0.06737395,-0.1388038,0.162525,0.9768926,0.3623751,-0.9096937,0.202834
1017,0.9238424,0.3788602,0.05459109,-0.1229485,0.1586466,0.9796504,0.3624899,-0.9117544,0.1931447
1020,0.9260992,0.3753404,0.03821107,-0.105618,0.1606938,0.9813371,0.3621951,-0.9128512,0.1884611
1023,0.926753,0.3733734,0.04148637,-0.09840086,0.1346859,0.9859903,0.362555,-0.9178519,0.1615608
1026,0.9288916,0.3681032,0.04074902,-0.09184261,0.1223639,0.9882267,0.3587832,-0.921698,0.1474704
1029,0.9310762,0.3637168,0.0284077,-0.08514986,0.1409367,0.9863499,0.3547483,-0.920786,0.1621933
1032,0.9282044,0.3704244,0.03496323,-0.08368737,0.1162895,0.9896834,0.362537,-0.9215544,0.1389403
1035,0.9261879,0.3753272,0.03612625,-0.0759575,0.09187248,0.9928694,0.3693319,-0.9223279,0.1136001
1038,0.9256381,0.3769332,0.03339169,-0.06965084,0.08297563,0.9941145,0.3719441,-0.9225162,0.1030591
1042,0.9249051,0.3792641,0.0266302,-0.06353222,0.08511669,0.9943434,0.3748521,-0.9213652,0.1028204
1045,0.9229462,0.3844294,0.01960535,-0.05471588,0.08060709,0.9952431,0.3810203,-0.9196285,0.09543041
1048,0.9207018,0.3897516,0.02005549,-0.05178636,0.07107612,0.9961258,0.3868161,-0.9181732,0.08562373
1051,0.9196526,0.3913187,0.03329377,-0.05731916,0.04987281,0.9971094,0.3885271,-0.9189028,0.06829572
1054,0.9223953,0.3856212,0.02197827,-0.04653626,0.05446538,0.9974306,0.3834333,-0.9210482,0.06818398
1057,0.9258341,0.3776632,0.0142099,-0.0346457,0.0473723,0.9982763,0.3763391,-0.9247305,0.05694329
1060,0.9250849,0.3796979,0.006867799,-0.01997383,0.03058816,0.9993324,0.3792344,-0.9246047,0.03588067
1063,0.9238551,0.3827389,0.001482714,-0.01460008,0.03136993,0.9994011,0.3824632,-0.9233237,0.03456929
1066,0.9215972,0.3880913,-0.006628983,-0.004513961,0.02779356,0.9996036,0.3881217,-0.9212018,0.0273663
1069,0.9204786,0.3907248,-0.007303534,-0.00205962,0.02353915,0.9997208,0.3907876,-0.9202065,0.02247203
1072,0.9193694,0.3931976,-0.01246534,0.005291828,0.01932281,0.9997993,0.3933596,-0.9192509,0.01568406
1075,0.9192352,0.3929659,-0.0241752,0.0176796,0.02014122,0.9996408,0.3933117,-0.9193324,0.01156704
1078,0.9178268,0.3953703,-0.0357265,0.02758149,0.02626793,0.9992744,0.3960219,-0.9181462,0.01320451
1081,0.9169869,0.3980045,-0.02697426,0.02609693,0.007622431,0.9996304,0.398063,-0.9173518,-0.003397023
1084,0.9166465,0.3989677,-0.02416522,0.03075772,-0.01012968,0.9994755,0.3985137,-0.916909,-0.02155667
1087,0.9169208,0.3981999,-0.02632284,0.03882482,-0.0233639,0.9989728,0.3971758,-0.9170011,-0.03688289
1090,0.9158805,0.4003467,-0.02975399,0.04339893,-0.02505739,0.9987435,0.3990982,-0.916021,-0.0403242
1093,0.9153697,0.4008697,-0.03743334,0.05158648,-0.02456802,0.9983662,0.3992952,-0.9158055,-0.0431683
1096,0.9154469,0.3996418,-0.04736388,0.05864145,-0.01603155,0.9981503,0.3981433,-0.9165311,-0.03811161
1099,0.9147485,0.4020244,-0.04014083,0.05182666,-0.01822819,0.9984897,0.4006855,-0.9154475,-0.0375098
1102,0.9126502,0.4040516,-0.06173943,0.07498924,-0.01703337,0.9970388,0.4018035,-0.9145775,-0.04584503
1105,0.9143727,0.3994451,-0.0660755,0.07949878,-0.01711092,0.9966881,0.3969915,-0.9165974,-0.04740116
1108,0.9154945,0.396715,-0.0669864,0.08486399,-0.02766085,0.9960086,0.3932786,-0.9175251,-0.05899017
1111,0.9165573,0.3947502,-0.06399,0.08610477,-0.03854433,0.9955401,0.3905233,-0.9179795,-0.06931798
1114,0.9197832,0.3898016,-0.04531848,0.07636631,-0.06451735,0.9949903,0.384925,-0.9186361,-0.08910967
1117,0.9231196,0.3811087,-0.05105508,0.07819814,-0.05606806,0.99536,0.3764777,-0.9228286,-0.0815595
1120,0.9241029,0.3768411,-0.06343926,0.08424316,-0.03896595,0.995683,0.3727424,-0.925458,-0.06775483
1123,0.9233006,0.3791536,-0.06130815,0.08564759,-0.04764685,0.9951856,0.374407,-0.9241062,-0.07646595
1126,0.9221377,0.3811488,-0.06623805,0.08703833,-0.03757491,0.995496,0.3769433,-0.9237497,-0.06782381
1129,0.9205667,0.3853072,-0.0639932,0.08860749,-0.04644863,0.994983,0.3804017,-0.9216186,-0.07690018
1132,0.9205433,0.3859971,-0.06005355,0.08879942,-0.05706166,0.9944137,0.3804141,-0.9207335,-0.08680404
1135,0.9206995,0.3853159,-0.06199935,0.09267739,-0.06154322,0.9937924,0.3791083,-0.9207302,-0.09237289
1139,0.9208329,0.3844817,-0.06511881,0.09891441,-0.06876557,0.9927171,0.3772036,-0.9205678,-0.1013524
1142,0.9221903,0.381711,-0.06214061,0.09309606,-0.06315295,0.9936522,0.3753636,-0.9221216,-0.09377485
1145,0.9215758,0.3826851,-0.06519403,0.09912157,-0.0695975,0.9926385,0.3753306,-0.9212537,-0.1020717
1148,0.9218072,0.3834243,-0.05707745,0.09252962,-0.07464769,0.9929079,0.3764443,-0.9205508,-0.1042889
1151,0.9210538,0.384435,-0.06220464,0.09575626,-0.06873906,0.9930285,0.377479,-0.9205893,-0.1001244
1154,0.9206768,0.3851474,-0.06336915,0.09434669,-0.06205157,0.9936036,0.3787517,-0.9207665,-0.09346683
1157,0.9202828,0.3864083,-0.06138631,0.09276026,-0.06305949,0.9936897,0.380099,-0.9201697,-0.09387589
1160,0.9187912,0.3908126,-0.05557339,0.09196726,-0.07501825,0.9929322,0.3838814,-0.9174082,-0.1048681
1163,0.9176452,0.393866,-0.05288486,0.09264372,-0.08261238,0.9922662,0.386451,-0.9154478,-0.1122981
1166,0.91457,0.4004719,-0.05642719,0.1003373,-0.08952135,0.990918,0.3917833,-0.9119256,-0.1220558
1169,0.9144968,0.399732,-0.06253071,0.1014514,-0.07693961,0.9918609,0.3916674,-0.9133973,-0.1109144
1172,0.9150941,0.3984983,-0.06165915,0.1042465,-0.08607876,0.9908195,0.3895323,-0.9131208,-0.1203122
1175,0.9183881,0.3905415,-0.06356637,0.1051816,-0.08608841,0.9907197,0.3814449,-0.9165512,-0.1201404
1178,0.9222672,0.3808405,-0.06620859,0.1017539,-0.07394588,0.9920575,0.3729199,-0.9216791,-0.1069499
1181,0.9218622,0.3823822,-0.06288242,0.1013146,-0.08119608,0.9915355,0.3740397,-0.9204299,-0.1135925
1184,0.922411,0.3809022,-0.06380927,0.1000929,-0.07619914,0.992056,0.3730141,-0.9214702,-0.1084125
1187,0.9229417,0.3799352,-0.06187066,0.09883707,-0.07855349,0.9919983,0.3720349,-0.9216717,-0.110052
1190,0.9233791,0.379477,-0.0580388,0.09649769,-0.08310834,0.9918575,0.3715635,-0.921461,-0.1133591
1193,0.9232935,0.3779945,-0.06818715,0.102452,-0.07126882,0.9921817,0.3701796,-0.9230607,-0.1045283
1196,0.9246659,0.3728965,-0.07708009,0.1065228,-0.05897443,0.9925598,0.3655763,-0.9259969,-0.0942536
1199,0.9249934,0.3723711,-0.07567581,0.1061554,-0.06201173,0.992414,0.3648536,-0.9260098,-0.09688967
1202,0.9250945,0.3711696,-0.08020746,0.1059892,-0.04955536,0.9931317,0.3646456,-0.9272418,-0.08518336
1205,0.9236992,0.3752034,-0.07747635,0.1044174,-0.051979,0.9931744,0.3686152,-0.9254841,-0.0871907
1208,0.9226224,0.3787434,-0.07294791,0.1051275,-0.06496285,0.9923347,0.3711013,-0.923219,-0.09975252
1211,0.9233258,0.37782,-0.06871638,0.1019357,-0.06861524,0.9924219,0.3702418,-0.9233332,-0.1018676
1214,0.9250147,0.3731728,-0.07134348,0.1004373,-0.05908387,0.9931875,0.3664153,-0.9258786,-0.09213389
1217,0.9268888,0.3689299,-0.06905253,0.09664169,-0.05680967,0.9936967,0.3626815,-0.9277195,-0.08831023
1220,0.9280347,0.3656701,-0.07097531,0.09933241,-0.0593024,0.9932857,0.3590058,-0.9288535,-0.09135754
1223,0.9285962,0.3631757,-0.07624029,0.1014027,-0.05070102,0.9935527,0.3569687,-0.9303402,-0.08390775
1226,0.9289017,0.3597348,-0.08793543,0.1082266,-0.03661651,0.9934517,0.3541593,-0.9323359,-0.072946
1229,0.9272824,0.3650655,-0.0829137,0.1082157,-0.04936484,0.9929011,0.3583809,-0.9296722,-0.08528095
1232,0.9258909,0.3699765,-0.07644174,0.1049422,-0.05749704,0.9928148,0.362923,-0.9272602,-0.09206214
1237,0.9271139,0.3661388,-0.08001416,0.1017394,-0.04039641,0.9939905,0.3607062,-0.929683,-0.07470281
1240,0.9285623,0.3628894,-0.07799636,0.1007646,-0.04421024,0.9939275,0.3572376,-0.9307829,-0.07761836
1243,0.9278293,0.3655519,-0.0741931,0.1011113,-0.05502393,0.9933524,0.3590395,-0.9291632,-0.08801423
1246,0.9284043,0.3623017,-0.08247903,0.10332,-0.03849448,0.993903,0.3569178,-0.9312656,-0.07317147
1249,0.9292067,0.3611444,-0.07842012,0.09734888,-0.03449162,0.9946525,0.3565083,-0.9318718,-0.06720684
1252,0.9294736,0.3620909,-0.07049298,0.09314188,-0.0454569,0.9946147,0.3569365,-0.9310338,-0.0759768
1255,0.9300308,0.3608136,-0.06968516,0.09126642,-0.04310068,0.9948933,0.3559676,-0.9316415,-0.07301513
1258,0.9291833,0.3633107,-0.06799912,0.09079465,-0.04601829,0.9948059,0.3582944,-0.9305309,-0.07574608
1261,0.9286592,0.3650574,-0.06576671,0.092634,-0.05655877,0.9940926,0.3591812,-0.9292654,-0.08634054
1264,0.9290267,0.3639661,-0.06661762,0.09324215,-0.05605543,0.9940642,0.3580714,-0.9297239,-0.08601399
1267,0.9295229,0.3620699,-0.06994701,0.09359964,-0.04818034,0.9944435,0.356688,-0.9309049,-0.07867434
1270,0.9299054,0.3613307,-0.06867368,0.0918395,-0.04731354,0.9946492,0.356148,-0.9312366,-0.07718154
1273,0.9289743,0.364791,-0.06272218,0.08984444,-0.05784168,0.9942747,0.3590745,-0.929291,-0.08650789
1276,0.9294592,0.3642069,-0.05881069,0.08488688,-0.05599318,0.994816,0.3590258,-0.9296333,-0.08295977
1279,0.9296016,0.3632828,-0.06218386,0.08527072,-0.04784664,0.9952084,0.3585668,-0.9304496,-0.07545568
1282,0.92905,0.364932,-0.06074886,0.08194973,-0.04287635,0.9957137,0.3607631,-0.9300463,-0.06974036
1285,0.9280922,0.3674861,-0.05999228,0.08039001,-0.04043803,0.995943,0.3635692,-0.9291495,-0.06707242
1288,0.9262713,0.3722903,-0.05849386,0.07944661,-0.0411773,0.9959883,0.3683882,-0.9272025,-0.06771854
